Wenner_1
10
11
1
Type of measurement (0=app.resistivity,1=resistance)
1
360
2
11
Chargeability
mV/V
10 0.01 0.1 0.1 0.1 0.1 0.1 0.1 0.1 0.1 0.1 0.1 1.1 0.5
4	440	0	470	0	450	0	460	0	11.3852118483782	-0.975443538728653	-0.45673353730267	-0.297595920291586	-0.180276805148601	-0.106944970561208	-0.0549672645873546	-0.0414158681759388	0.0016642842089606	-0.0267140406676887	0.0176451350456246
4	380	0	410	0	390	0	400	0	31.553535553152	13.1845435065597	6.73757980376358	4.405834480486	2.90467193500512	2.01098847889481	1.18756319556308	0.686425587187301	0.17414865467299	-0.201895712418837	-0.387455314375741
4	290	0	320	0	300	0	310	0	86.7787593385719	23.6232916639153	11.4915605210849	7.44100496649816	5.06163506760193	3.42209707807618	2.19148233550635	1.22337777267843	0.429712271001668	-0.241351245723598	-0.809618510686469
4	230	0	260	0	240	0	250	0	145.387884378996	20.6027918960431	9.97284417822797	6.43959286216894	4.37778636533294	2.9625947045053	1.90067884893622	1.05594414429607	0.371085967024831	-0.203500408853585	-0.697652266899486
4	170	0	200	0	180	0	190	0	146.060481663405	23.7951964906128	11.511618112993	7.49130892246318	5.12156772192176	3.48212370400233	2.24146437557969	1.25804600672741	0.447230833625463	-0.242182634758392	-0.82508552232146
4	140	0	170	0	150	0	160	0	79.6669949152545	17.2804137648679	7.88117266274853	5.0208789386736	3.38235732425359	2.27425173546292	1.45763119084283	0.811601495055684	0.287138215245408	-0.159980679871728	-0.538678790425733
4	110	0	140	0	120	0	130	0	44.6746733521226	12.9531538574345	6.79223968270716	4.52816776331044	3.14521155741936	2.16443364528559	1.40889649176271	0.803307208690928	0.294170243572926	-0.147491523098443	-0.52384085247065
4	80	0	110	0	90	0	100	0	32.162192703871	12.4738092580218	6.54220748139952	4.31102029681871	2.99545642261938	2.06512882457539	1.33507941398374	0.721059655612259	0.263801344408956	-0.139907401869382	-0.489644266087626
4	430	0	460	0	440	0	450	0	11.019291205099	3.81715862076399	1.85177218703897	1.18743445226585	0.827905434161468	0.558001468484147	0.341974181235804	0.192683326578783	0.0497327499828151	-0.0472425515098348	-0.151743270228896
4	350	0	380	0	360	0	370	0	30.0037568374579	4.95638349411109	2.34634953736024	1.50435598911923	1.03456559012819	0.700711783321018	0.453051245198935	0.242178421547311	0.0834719025584964	-0.0471508685016562	-0.165289206897221
4	400	0	430	0	410	0	420	0	26.2721993879902	11.5025931852892	5.78612947774996	3.72579699146833	2.52043867069941	1.69101170692618	1.07156216449186	0.602507452865294	0.205155073782089	-0.126578232742692	-0.406655713422904
4	340	0	370	0	350	0	360	0	20.8593320714882	5.43511420889821	2.48016587372367	1.53020471944962	1.0269758368757	0.680944042644471	0.411278119800902	0.198228251889068	0.0685221633528165	-0.0369195354559421	-0.162379022372807
4	280	0	310	0	290	0	300	0	120.214704169979	24.6758338286262	11.9870428466405	7.80593450792346	5.33847871822452	3.62867418386559	2.34061882417073	1.31294116154127	0.465399442236694	-0.244769349071587	-0.865157448607589
4	190	0	220	0	200	0	210	0	105.441579132524	21.1045659471557	10.4428942297034	6.86023376509918	4.72029731802367	3.22490296614899	2.0933907244124	1.18032408086708	0.424312257785	-0.218051945702239	-0.775840814716843
4	130	0	160	0	140	0	150	0	58.8320672917761	13.5648232110297	6.65802844388644	4.36603108958415	2.99423271118854	2.02476002607499	1.31071270279784	0.732908277310238	0.268114961732436	-0.141691237975619	-0.493580481350448
4	100	0	130	0	110	0	120	0	44.9571184484332	13.2166194401865	6.91028316283262	4.58643252225529	3.17846402711155	2.18499001128873	1.42095725950737	0.811744546094423	0.289746514459462	-0.152361607600349	-0.524158291655909
4	70	0	100	0	80	0	90	0	26.7439335775896	9.82574167684725	4.90365769376229	3.20986921523437	2.20281945675247	1.49923856499493	0.967798222443109	0.538557597342409	0.195813716662685	-0.0961173141149362	-0.363733636783609
4	40	0	70	0	50	0	60	0	18.9993059628582	-0.34273958341442	-0.243783987901909	-0.137730683643741	-0.083627275791	-0.0300903517347998	-0.0292697433382303	-0.00568981534902937	0.0118587263352101	-0.00704763042022037	0.00280339614559217
4	420	0	450	0	430	0	440	0	15.6001754200795	3.89857847017823	1.91208878551552	1.10305465662475	0.75510807277817	0.506558651650225	0.260401206343421	0.139121074429491	0.0666698742018158	-0.0506764309738373	-0.147428555311117
4	410	0	440	0	420	0	430	0	20.4558418809715	8.21308390248572	4.09450484547526	2.64939043380647	1.81821994467447	1.21155157257352	0.755279093806988	0.421348222651315	0.167035476370606	-0.0906463164047165	-0.305721169824578
4	360	0	390	0	370	0	380	0	22.360940366093	6.38139771531549	3.19346970834614	2.14211855621819	1.44867052267564	0.925182469443642	0.579224086520744	0.375957129180641	0.103404794502133	-0.0792907994980088	-0.231297660708972
4	330	0	360	0	340	0	350	0	38.7378432186234	10.7622294689691	5.26982058450932	3.42216265458682	2.33566649757368	1.58325176575941	1.00759667820515	0.553709712524853	0.196345736169009	-0.0992360292518919	-0.380050499783702
4	250	0	280	0	260	0	270	0	113.131490338344	24.4395898161347	12.0222580996289	7.83689167897881	5.37142392554198	3.65135603224123	2.35344941524084	1.32174137921941	0.473320504764699	-0.244256388098468	-0.866159357823099
4	300	0	330	0	310	0	320	0	61.9822102869162	23.8893802487373	11.4804993796837	7.41423606261731	5.04445043001668	3.41493817934092	2.18547123088483	1.21737429763799	0.425665364895417	-0.230322172896527	-0.801837754450115
4	270	0	300	0	280	0	290	0	108.881428775283	24.8315699071804	11.99727852721	7.79546663650383	5.31993214834958	3.60938183516893	2.32389772388106	1.30284185244052	0.463859970613376	-0.244558625028023	-0.861839215686433
4	160	0	190	0	170	0	180	0	89.9091873064471	18.6365318892269	8.83224749524224	5.72506978605593	3.90354358842897	2.65080311299781	1.71989934839815	0.957787667128159	0.342055296436445	-0.176171744617882	-0.63368735781573
4	210	0	240	0	220	0	230	0	107.324137295869	20.0504278090941	9.72528000062639	6.3205763125963	4.32774623464849	2.95076620599042	1.91176615591996	1.07118991747366	0.390256143315946	-0.194124503086689	-0.690970182671869
4	180	0	210	0	190	0	200	0	87.0259016548668	22.9795808201924	11.4450873765037	7.52503007511424	5.18787093169815	3.53817417416729	2.29589441118468	1.29622620671359	0.469261316578895	-0.243827795934137	-0.85291582029684
4	200	0	230	0	210	0	220	0	119.15592699252	22.3040854600053	11.0005196778137	7.18743185286638	4.92656347608495	3.35632837413632	2.16291979981414	1.21428839792575	0.433545675624034	-0.228443555101934	-0.798720169778152
4	150	0	180	0	160	0	170	0	112.575332196617	21.5287856535833	10.1477606032452	6.55772852006483	4.47278739686463	3.03495695446328	1.94874787724122	1.09511769438254	0.390142500397249	-0.207941156675824	-0.716189918967338
4	120	0	150	0	130	0	140	0	56.7364830917585	11.6807144974453	5.72496748191276	3.71524251652197	2.53273049522865	1.71565046074884	1.09769254753267	0.613607833673801	0.211929664232338	-0.12054234980661	-0.410422112777214
4	60	0	90	0	70	0	80	0	18.1824061110176	1.91879668732313	1.07086301148508	0.722289876936763	0.541923102754021	0.339057667377416	0.197766742217364	0.108384656094541	-0.0326579146809485	-0.0414230273177151	-0.0569349605740759
4	30	0	60	0	40	0	50	0	17.4384840989686	0.882321223190934	0.285904188815799	0.163187471756875	0.0970782507274534	0.0521016680082166	0.0646766407978015	0.0267083375493722	0.013903081208282	-0.0138616639832896	-0.0131228433941798
4	410	0	470	0	430	0	450	0	3.88439485127556	-3.42983998908353	-1.71448053585487	-0.994182709898862	-0.639390420219848	-0.375082324484975	-0.19666184476304	-0.149902116795314	0.000440571457477578	0.00173848584121551	0.0387014127807109
4	350	0	410	0	370	0	390	0	7.35246511941303	-4.76296761474096	-2.5141316262796	-1.61590158044692	-1.04983292725082	-0.678048977655444	-0.397292923319811	-0.214971007377655	-0.127293989155875	0.0334981502348129	0.14373837428254
4	230	0	290	0	250	0	270	0	47.767395095526	24.0080856705941	10.4814923731819	6.65386457096378	4.48748867068625	3.03416400642827	1.95028388024302	1.08940609249832	0.38195753846062	-0.205889364928456	-0.726496483782034
4	170	0	230	0	190	0	210	0	42.6418722986479	20.0709874126268	8.29046960484154	5.18990393104913	3.48185680908729	2.34004561152964	1.50145332806394	0.842405800559368	0.295105752148995	-0.155990363386271	-0.560459633324875
4	110	0	170	0	130	0	150	0	23.3551090891126	9.31763365651915	3.06111169275156	1.78195688712714	1.13369949452172	0.753471163612564	0.464471193991346	0.258072819602642	0.0817013799187832	-0.0522851566384288	-0.180194157467689
4	400	0	460	0	420	0	440	0	5.29043328426096	-3.36669997032408	-1.51064139993939	-0.944693659347078	-0.596294136974592	-0.343220857492671	-0.250425135470955	-0.108923849028256	-0.0372857466057888	0.0474516529167414	0.00194412293680118
4	340	0	400	0	360	0	380	0	8.14489802131127	-5.91293069103153	-3.14707102819441	-2.01779521800019	-1.3321735700091	-0.893907003950008	-0.5993630203693	-0.340167119220695	-0.11545976490947	0.0434339540723422	0.187593508823974
4	280	0	340	0	300	0	320	0	37.6786222689328	23.6919232411624	10.0911189055507	6.35458707730262	4.26800983061719	2.86524082364584	1.82882328080148	1.00888213799029	0.355462095851764	-0.196940756798664	-0.677245305015141
4	100	0	160	0	120	0	140	0	17.7534463486555	6.57107196070587	2.44197431211496	1.49241886051638	0.97996615405912	0.64018611237803	0.396088398267527	0.210431117955866	0.0716715623487335	-0.0407505434317902	-0.166398465610383
4	40	0	100	0	60	0	80	0	4.3285201059437	-3.07783612245494	-1.84657955728345	-1.15027429310061	-0.799215776971198	-0.526849357191477	-0.359042195268217	-0.218351358650996	-0.0874528962023325	0.0229603262614044	0.0436329689488976
4	330	0	390	0	350	0	370	0	7.38970364898366	-5.40517452248504	-3.2904693854854	-2.13821863258331	-1.48545256634901	-1.05067623619294	-0.681689365001202	-0.362783535121487	-0.122805919207586	0.0564342607251149	0.242821909010431
4	210	0	270	0	230	0	250	0	68.908644955427	20.6321751486362	8.9321513366522	5.64998506223325	3.80597860631122	2.56070943927502	1.63692301585293	0.914100721699782	0.317278406031601	-0.179610322670591	-0.60395024156058
4	90	0	120	0	100	0	110	0	39.9075284594273	11.7915563584699	6.15980800759296	4.07978527347028	2.82066437928972	1.92611797669484	1.2481660506954	0.705555908023849	0.255729174581074	-0.135194299634551	-0.468175121037841
4	150	0	210	0	170	0	190	0	50.2787587030645	18.336862905577	7.68262072959194	4.81760843200597	3.24073124693774	2.17258679181302	1.39199531882594	0.776993967833282	0.275055150738344	-0.150211234905388	-0.511396359048716
4	30	0	90	0	50	0	70	0	5.15703702694171	-5.61870525527047	-3.03852241472137	-2.00173531272954	-1.41200500342559	-0.988647106670971	-0.594266250035669	-0.358154057441704	-0.0828737470593893	0.0335239789399979	0.177056984034202
4	320	0	380	0	340	0	360	0	9.85163439578495	1.08820493714244	-0.290975956129279	-0.286717527684843	-0.200902632676413	-0.190795789372058	-0.0945694305468768	-0.053870878744094	0.0034088932112253	-0.0152121914230167	0.0277357507105693
4	260	0	320	0	280	0	300	0	56.4946188208256	21.23755101934	9.19986704179289	5.83573953690035	3.9419770557173	2.65552283416306	1.71004066658889	0.953515320436333	0.339050836698427	-0.179632013180979	-0.63288573123518
4	200	0	260	0	220	0	240	0	50.2058557994649	19.432638741814	8.11927602128617	5.09039937637505	3.42377944874211	2.28964910833217	1.46498797261787	0.816671867415043	0.283037161904725	-0.151850362895632	-0.532400063075856
4	140	0	200	0	160	0	180	0	39.0242956876063	15.7227354690704	5.96746733805949	3.64698813390413	2.40752583518956	1.59991096037952	1.02399067137104	0.572719604171336	0.198969293860856	-0.108274830501364	-0.373741066317202
4	80	0	140	0	100	0	120	0	9.64414682960677	-0.903750825605678	-0.872807949951731	-0.586348564747046	-0.412678841260701	-0.273213665944011	-0.174255604294582	-0.101755187390552	-0.0536115600659876	-0.00257925688831442	0.059351232462346
4	370	0	430	0	390	0	410	0	5.51727716827681	-5.460987518376	-3.06961577825751	-2.06591408287228	-1.43715646083757	-0.94896672461725	-0.599716902389712	-0.327642233675649	-0.11206546395179	0.0492122685747804	0.172390491317406
4	310	0	370	0	330	0	350	0	20.2852018182442	8.325842900064	3.16105623528115	1.95528783806774	1.29815863440041	0.877783854004808	0.573740003773929	0.316106460739322	0.106815238494545	-0.0672463128001123	-0.207798002984839
4	250	0	310	0	270	0	290	0	70.3498786025813	20.9561254142426	9.18197922044999	5.80592924101979	3.90376519308993	2.62359080185798	1.6769290737903	0.93759935969044	0.328302713261473	-0.186173452603078	-0.619800407481995
4	190	0	250	0	210	0	230	0	57.7310358628773	20.0714676132923	8.52328819614321	5.33897238690031	3.58821646917636	2.41501933813838	1.54354765311691	0.854276642379394	0.305349065796102	-0.168968708148982	-0.566973785346203
4	130	0	190	0	150	0	170	0	32.8529399229787	18.0129630509449	6.99216399721705	4.27540841292462	2.84009372858616	1.89748614352186	1.20385257473581	0.667201929266866	0.237304357310287	-0.132587642554184	-0.449521149240586
4	240	0	300	0	260	0	280	0	59.0380745475259	21.7531318207526	9.2568472457458	5.8102695260774	3.88927573369607	2.6062199702394	1.66314106562435	0.919881892474776	0.321551039964626	-0.182406865676456	-0.607398215642346
4	180	0	240	0	200	0	220	0	55.9026433469784	18.7685039713322	7.6227197059364	4.70384908139464	3.13623812688693	2.08496354595266	1.32343721754933	0.73580390526008	0.257547814781037	-0.149197973801249	-0.48663904167186
4	120	0	180	0	140	0	160	0	29.6315840917919	16.5122729593606	6.22895501533516	3.7647720492044	2.46512755601748	1.63577688448242	1.02938706967727	0.576565075110482	0.20319547445569	-0.118551720059059	-0.376054801201305
4	60	0	120	0	80	0	100	0	9.67439032446454	3.11112731154361	1.3314823635118	0.919299310468793	0.674404455976745	0.477917023856471	0.276069960220114	0.184286017211428	0.0997687342945444	0.0335930904459595	-0.221385045120413
4	0	0	60	0	20	0	40	0	3.04662622270797	-2.39765904713511	-1.22386881033263	-0.785458281010223	-0.547855038846552	-0.292116124181658	-0.139584550739354	-0.176490536806031	-0.0169759799419724	-0.00429302949095399	0.0659131640576079
4	260	0	350	0	290	0	320	0	17.5425210659161	22.6354917584638	8.57583373101344	5.26166268293015	3.50864244038957	2.35881537936376	1.48537956464705	0.825604634463628	0.28410724193862	-0.156450481758105	-0.545932017555713
4	170	0	260	0	200	0	230	0	25.6141530904966	18.921119665501	6.35518881292131	3.70035974977736	2.38474459701447	1.57285653403134	0.997679149575202	0.547375522563727	0.192845150376867	-0.110996123552769	-0.362843104198691
4	80	0	170	0	110	0	140	0	6.18630424798127	5.5344573586878	0.567666787196006	0.0486125832402171	-0.129914203967404	-0.122363791400993	-0.113175735712242	-0.0839265517750336	-0.0772973134649126	-0.00823293111623445	0.044250314618964
4	340	0	430	0	370	0	400	0	2.2564441832417	-6.32930421829118	-3.085211153824	-2.00075220166069	-1.32522129400843	-0.883595878006836	-0.554604511444744	-0.299639403635342	-0.0933477715843264	0.063704321168413	0.198584343733722
4	250	0	340	0	280	0	310	0	22.354657069182	19.3119365726977	7.03121593197174	4.26045631646221	2.80389027945074	1.86899986078215	1.18944801095256	0.660401139471865	0.237437201164191	-0.124475121239658	-0.447398465710427
4	330	0	420	0	360	0	390	0	2.9194004031142	-8.73382738890638	-4.55211940077875	-2.90436176964206	-1.93861566573063	-1.28696304428046	-0.811508769766377	-0.440646593635581	-0.147406340948031	0.0935485680313363	0.295301711004878
4	240	0	330	0	270	0	300	0	25.7477343980628	14.0983880011252	4.91102778625269	2.90214951490178	1.88364294381145	1.23687164888674	0.779652537528204	0.436881314687868	0.147774435426969	-0.0835782847127353	-0.293648997660262
4	150	0	240	0	180	0	210	0	19.1829918636255	15.6670033098088	4.95347286590111	2.79359920503381	1.75498080748018	1.1358256145717	0.694449692859511	0.382187649536659	0.12589016985788	-0.0857283695631863	-0.261924572606954
4	60	0	150	0	90	0	120	0	3.81399755575403	-3.07544064376878	-2.26832461625222	-1.61195070446427	-1.16425833394384	-0.714905807963824	-0.434557107767672	-0.299305994737604	-0.168039254810537	0.0631688437824494	0.147785215295709
4	70	0	160	0	100	0	130	0	4.65708380737479	0.242926854748951	-0.892733770091016	-0.787075900557395	-0.527550106023453	-0.381095255232574	-0.222330970441596	-0.112101025422344	-0.0340514578600997	-0.0534222679552024	0.0232205071497381
4	230	0	320	0	260	0	290	0	26.6771170300259	16.9380261093656	5.97994517390883	3.57156136278004	2.32746921830874	1.54146661842057	0.968433149096104	0.532860842765591	0.18511330995408	-0.118203341098875	-0.358367653734212
4	140	0	230	0	170	0	200	0	16.9950777747686	13.3312515492984	3.99593672226192	2.21409614431106	1.37819841987682	0.887078972354317	0.55232026216712	0.316616601457725	0.0934146039852125	-0.0641578660690937	-0.209904115307961
4	10	0	40	0	20	0	30	0	19.1116059650636	2.65917535500526	1.47377636846407	0.988443394291224	0.643069313845818	0.441607958827013	0.293674669643868	0.144584117328199	0.050986685272109	0.0260468395784383	-0.157196250529979
4	160	0	250	0	190	0	220	0	18.1323672928146	17.5795530879138	5.78670918536335	3.30609972287637	2.12867283242191	1.38797224720898	0.86585903939455	0.469694738558193	0.140668225515059	-0.100017450172969	-0.32768584561172
4	220	0	310	0	250	0	280	0	25.2055473139285	20.5050209856839	7.37071034448647	4.41209389594173	2.89439332365771	1.90782979137749	1.20406173935655	0.667919552835234	0.225509296064421	-0.132850911163147	-0.447717652681766
4	130	0	220	0	160	0	190	0	19.6916973075706	14.8055992633112	4.61759068086141	2.60817239426749	1.6466084184813	1.05954555772526	0.681106468090254	0.373926377520804	0.110979181288562	-0.0777362473864907	-0.266359079355667
4	70	0	130	0	90	0	110	0	10.9340335832063	-1.76453467789387	-1.17057988698029	-0.756452719880212	-0.510094560104084	-0.324940889836501	-0.172247332561429	-0.128572081340952	-0.0799892536421761	-0.0117761200299514	0.0729825571377621
4	40	0	130	0	70	0	100	0	3.7152527405426	-1.30351535363909	-1.25013959968171	-0.809355637957787	-0.60957264666147	-0.445241000378534	-0.40226203510301	-0.241850489470648	-0.0599636098396892	0.0131830865289428	0.0713311369303974
4	300	0	390	0	330	0	360	0	11.4177819584089	6.98682202330071	1.72408854666092	0.917645073188801	0.554188643834406	0.380111179728717	0.216727868435092	0.100917725203887	0.0514805785155205	-0.0208152132068536	-0.092345003118602
4	210	0	300	0	240	0	270	0	24.9519710543752	21.4454105783893	7.69124012234308	4.6010112353008	2.98464269363163	1.94977784406406	1.22803462934439	0.681596536694805	0.227676606069904	-0.143008713761532	-0.448730002908771
4	30	0	120	0	60	0	90	0	2.74081502435546	-0.786628982056153	-0.710237414005623	-0.499192487965204	-0.500293672224142	-0.400212487941661	-0.273122654386077	-0.122550290571117	-0.124346379004005	0.0112023518340502	0.0433951961036353
4	380	0	470	0	410	0	440	0	1.95104988641652	-12.4151007307989	-6.14776296865528	-3.92168840953271	-2.61866437713345	-1.75269872819055	-1.1100327975202	-0.608518375952337	-0.206302725984711	0.120411255465442	0.406281699308067
4	200	0	290	0	230	0	260	0	28.0421319984873	21.5774951638034	7.77127759671102	4.68633737446306	3.07125834924865	2.01849191183534	1.27726589127801	0.702488318364169	0.244750670397206	-0.145533807631368	-0.476715011636896
4	110	0	200	0	140	0	170	0	16.9530959049039	15.7564272610386	4.61103991441258	2.55371120767378	1.60335282037605	1.03983853717844	0.630433031249097	0.353022287107214	0.107130305318128	-0.0602951908789322	-0.247526431222858
4	20	0	110	0	50	0	80	0	2.53792245398923	-1.18357446308558	-0.858338240977823	-0.509948822322634	-0.45679645498858	-0.326442288716106	-0.242423607523446	-0.00893353243293639	-0.0838167016201665	0.0326115254662336	-0.0645988730283112
4	190	0	280	0	220	0	250	0	33.3851153154282	21.3977254255737	7.64939376691337	4.58535751538058	3.0007549712852	1.97592647248207	1.25366500484739	0.695451567550211	0.243630888812068	-0.142650409841615	-0.465569043808825
4	10	0	100	0	40	0	70	0	2.92204858624056	-1.52078933811566	-0.865231953024648	-0.560742581667993	-0.400476755587037	-0.269646257981878	-0.174222067055767	-0.182338882823679	-0.0907170839757013	-0.00883342351314315	0.0948224678849183
4	270	0	360	0	300	0	330	0	14.5721510686716	25.4670959782521	9.78496430483581	6.01270248253521	4.01084624094063	2.66454911848646	1.71660033365527	0.951938911975908	0.325623303074746	-0.198727554588749	-0.63259584134774
4	180	0	270	0	210	0	240	0	30.5204486210167	19.2695504470314	6.72959712937886	3.98951608811744	2.5758702552894	1.70753576375948	1.06547967556489	0.586078059023709	0.203812702288772	-0.116068398096778	-0.392874133897412
4	160	0	220	0	180	0	200	0	44.0041330144252	20.5827248683817	8.40920315840768	5.24923235717548	3.50764123040769	2.3469250791176	1.49827299928329	0.831160422050554	0.298926307986262	-0.152972456376995	-0.562323280604336
4	60	0	330	0	150	0	240	0	0.697527481585999	0.781970499872849	-0.415526978842138	-0.350129469430906	-0.247038285342718	-0.154970079589339	-0.0974305349315965	-0.062796411838311	-0.0148337617239179	0.00349781296584996	0.0359218834722011
4	220	0	340	0	260	0	300	0	9.97692794044817	10.1775733433048	1.92511661827813	0.842811713569976	0.440549493397182	0.264609211783122	0.140807330764848	0.067349068910535	0.0233252225388866	-0.033710789213822	-0.0535948253268379
4	50	0	320	0	140	0	230	0	0.728471640321726	6.47753837868824	1.22289642972113	0.601077486152622	0.3237794306395	0.208134709854999	0.133007842901526	0.063617221536308	0.0247150152030042	-0.00759680238997161	-0.0442872275090744
4	130	0	250	0	170	0	210	0	7.06391112211326	11.8439369029273	2.34635839432445	1.05231586506129	0.488139519871959	0.342161263578665	0.17336171486028	0.0736199611127626	-0.00690683922278851	-0.0852733199337149	-0.0637153334619599
4	70	0	220	0	120	0	170	0	4.39604488877087	13.2309620315805	1.97234667233603	0.611791723777899	0.213475436191687	0.0169006720831434	0.0321650259249076	-0.0414274442520489	-0.0669724686250089	-0.0389864486980946	0.0247500687116733
4	40	0	310	0	130	0	220	0	0.656287117511577	8.7569059009163	1.50726336824392	0.618866262696657	0.248746212737526	0.13652877975629	0.0344477530663174	-0.0171228580032058	0.0043899649271463	0.0529710339312272	0.0138647149232676
4	50	0	350	0	150	0	250	0	0.404089264113671	-3.7024972142446	-0.929278310885675	-0.308314242029115	-0.166612989180209	-0.0952338918245689	-0.0403024585223299	0.00982104417133165	0.0175123379207038	-0.0141483424695566	-0.004354196113122
4	70	0	340	0	160	0	250	0	0.646836373398778	-3.8722805708488	-1.84422810279113	-1.08136445479728	-0.702081207367484	-0.472907089176779	-0.26661314388741	-0.150378831908436	-0.0456635035279346	0.0354995651353143	0.10421441712437
4	300	0	450	0	350	0	400	0	1.37686771395301	-5.20588020833023	-3.75917281521544	-2.56853518710874	-1.77476080472306	-1.21257908628207	-0.783845710679994	-0.435563413771504	-0.158817588363819	0.0929338295793661	0.291586706948252
4	390	0	420	0	400	0	410	0	26.1929004748207	11.4756746431091	5.57095058789096	3.65468814790076	2.49224307338785	1.70601079232502	1.07755844089606	0.531122062393107	0.229857492174395	-0.11392417497992	-0.431958146168518
4	120	0	420	0	220	0	320	0	0.210606570778544	-2.1084430017934	-2.00667251415922	-1.39833664388167	-0.973999082790488	-0.674101626247075	-0.560787982902733	-0.326668191437907	-0.115960444182686	0.0262925216344072	0.287794225674445
4	100	0	400	0	200	0	300	0	0.235592299632032	-2.78832841065194	-1.75619525065862	-1.18143959665873	-0.827325848670881	-0.561344862494936	-0.363801650346863	-0.193169205164231	-0.0813447007325709	0.0497394702527563	0.120894418530171
4	70	0	370	0	170	0	270	0	0.328408220469515	-6.06168901804076	-1.49271793077983	-0.711621233198172	-0.429277441395924	-0.260156452620021	-0.107780433315885	-0.0876864711006231	-0.0197403427099739	0.00658202640700855	0.0624571309471619
4	220	0	370	0	270	0	320	0	4.39548148785503	15.5962625447463	3.52211866951717	1.66554183451113	0.943479629573113	0.559156277652626	0.320457427598371	0.172912685087003	0.0570799009978392	-0.035937639697636	-0.112574684272907
4	30	0	330	0	130	0	230	0	0.440198568355244	2.92321611878158	0.693388810194002	0.617373010891379	0.471099409134976	0.341171961233803	0.247543302175067	0.183403879217491	0.0629242823353098	-0.0284130106351082	-0.127027811393043
4	110	0	260	0	160	0	210	0	4.25179810231872	10.446885202243	1.43500160293302	0.423497166637926	0.107859198109178	0.0238291827861464	0.0169521705244684	0.0459706674091836	-0.00365327898110971	0.0127049760884463	-0.010109046457982
4	20	0	320	0	120	0	220	0	0.427879765683084	5.10550233010375	0.793769912329327	0.322445702889615	0.174648583442942	0.11915752974373	0.0782539920961923	0.0332810711597556	0.00551964019899831	0.00293056925423995	-0.00801963893975067
4	10	0	310	0	110	0	210	0	0.363755301307592	9.82069302433002	1.79969508977753	0.860595797429984	0.481828509829394	0.275787284518782	0.096060323743991	-0.0147822720072639	0.00402635137807596	0.0119699986212498	-0.0954903009170901
4	290	0	410	0	330	0	370	0	6.28473231958728	6.15025911446169	0.510991485599757	0.0251770967657343	-0.027775600947633	-0.0936880704574011	-0.0822484887205603	-0.0505560035377752	-0.0182291687367924	-0.000253078837176442	-0.0209847043160878
4	90	0	330	0	170	0	250	0	0.931690265451272	1.93990153648949	-1.02389496529354	-0.891853795776023	-0.690886170798795	-0.483943149193691	-0.311810643327742	-0.186858234937726	-0.0565432911126509	0.0316578744284128	0.116008228809256
4	360	0	420	0	380	0	400	0	5.0883629177895	-4.12629985906578	-2.18376887113445	-1.43761006763434	-0.963472923908674	-0.627065428250112	-0.330414944404821	-0.141676349766671	-0.0148152096047097	-0.00266650014435927	0.0350402883387711
4	90	0	420	0	200	0	310	0	0.194639313656221	-0.695459317313529	-0.835755497646878	-0.602689671340023	-0.408158339382659	-0.386696351005861	-0.282208130129726	-0.148199868681956	-0.0703210919016557	0.0573815835068063	0.0778079991208932
4	80	0	410	0	190	0	300	0	0.205527080640592	-2.880126169835	-1.26398672559839	-0.858249455103499	-0.526541640314009	-0.298992711424949	-0.152803151113303	-0.0733676011593409	-0.0407686432630518	0.00596735615987425	0.114775227451224
4	60	0	390	0	170	0	280	0	0.245892780352746	-1.85082214209361	-0.449794991883094	-0.143552607801859	-0.0422107165633209	0.0330529301315673	0.0533341485411546	0.0189752355260043	-0.0459834247497781	-0.0473624332642809	0.0506201725049392
4	30	0	360	0	140	0	250	0	0.269847414759951	-3.57677718704369	-0.727411821272349	-0.278108015561465	-0.132718201706616	-0.0585794345221293	-0.0206352731078921	0.00128940707099164	-3.02370071875562E-5	-0.00241822056465089	-0.00870288940274645
4	280	0	370	0	310	0	340	0	16.3699307612781	23.2052658286243	8.47994180763772	5.14720716512113	3.39451361954585	2.26392346585703	1.42533858827925	0.785896080881958	0.27581482539328	-0.159717705818927	-0.538114886058708
4	320	0	410	0	350	0	380	0	3.52043952100075	-10.6878338948438	-5.96458610777987	-3.88410462885742	-2.61186468268074	-1.75326064853365	-1.13526834770911	-0.649971198885956	-0.267329920272255	0.0191336799102813	0.389098065911001
4	370	0	400	0	380	0	390	0	26.6119552294643	8.21920119493622	3.85458817298971	2.43419750969189	1.63062028514105	1.09789087517541	0.703172301504822	0.396043125428451	0.133933399343704	-0.0836148943861285	-0.259843300690854
4	110	0	380	0	200	0	290	0	0.291424528407517	-3.26402196020833	-2.36326483521137	-1.62937664924241	-1.14093917034206	-0.768827878197476	-0.513981317269498	-0.280198680320902	-0.0987079012309556	0.04821671197715	0.193968144609139
4	70	0	250	0	130	0	190	0	2.88568035124177	7.82141214391064	0.0270806612716368	-0.547438021230725	-0.588776381696422	-0.472243013281007	-0.342083708571369	-0.210446569804639	-0.0795330337238793	0.0322873457682927	0.126362230817254
4	40	0	220	0	100	0	160	0	1.62874073473201	10.1147216945786	0.295745358903854	-0.36276048064719	-0.257666980001142	-0.481107818696683	-0.268317262432154	-0.244482551043299	-0.21131668682112	0.0384096827420943	0.127173665929746
4	110	0	470	0	230	0	350	0	0.179125813769643	-0.0920937245307235	-0.56910902382483	-0.423449231997945	-0.327389019060962	-0.225499684575436	-0.153519295177854	-0.0973781557019327	-0.0309666592122721	0.0124753226044578	0.0616423345135124
4	150	0	270	0	190	0	230	0	10.2438167576362	17.2405340232627	4.82110341115946	2.6239688483083	1.6241154514054	1.01493692486222	0.62241175831376	0.332914807453153	0.0976681963565174	-0.0901313843718912	-0.232465362619854
4	100	0	460	0	220	0	340	0	0.166483769864305	-1.66411079117781	-0.986799616729502	-0.689226082748647	-0.485985279220453	-0.320191706093536	-0.214212972792671	-0.115867833402975	-0.0345334454512104	0.0164557100823369	0.0957195542215628
4	140	0	260	0	180	0	220	0	9.25255279430447	14.7281792630818	3.74474547065762	1.91181156955995	1.10149823463945	0.669680097529997	0.384589039327612	0.188670380334027	0.0776584770034522	-0.0376901618669887	-0.203341354839034
4	60	0	420	0	180	0	300	0	0.195376400567077	-1.08597439278714	-0.20195280302046	-0.136904435996906	-0.147937644068901	-0.0682392968318084	-0.0304556245277764	0.045201687898777	0.0475304416457373	-0.0114544130715482	-0.0234610090905516
4	20	0	350	0	130	0	240	0	0.244472860943866	-6.05537672816856	-1.66249853656238	-0.85140226821538	-0.516225281063588	-0.314207755330878	-0.189270034941468	-0.0849660418764418	-0.022419571589783	0.0275952396805186	0.0592811721781906
4	90	0	300	0	160	0	230	0	1.52651725230951	11.1280651070681	2.05394326310714	0.877177866954809	0.455629280666519	0.259647681344513	0.148237122316895	0.0763852835979097	0.0215358773799391	-0.0233252151732815	-0.0504928744715154
4	100	0	280	0	160	0	220	0	2.68753437250671	14.1249185619246	2.9257256473951	1.35994620892928	0.761671267077249	0.446526888493736	0.263492455740385	0.139069632173874	0.0423704318983526	-0.030134396387045	-0.0924805958643198
4	320	0	470	0	370	0	420	0	0.657992659253957	-2.62225609546432	-1.65068164296607	-1.08465906436285	-0.73012566345458	-0.482437521002785	-0.305352846271	-0.172790965816183	-0.0569469812706212	0.0351263188398162	0.113127109226026
4	50	0	410	0	170	0	290	0	0.188349325681616	-11.1887834553934	-1.84923490618207	-0.802086288247057	-0.433718142574081	-0.230535468151286	-0.120521562457682	-0.0613076677582237	-0.0221237854612466	0.0331286227098687	0.0208852851591203
4	120	0	330	0	190	0	260	0	1.1511091689163	3.79440967126323	-1.286259812092	-1.20589272968074	-0.938234299203641	-0.671675442722026	-0.430778824449602	-0.248713548670565	-0.0948899628793532	0.0527743550423284	0.156869086829159
4	370	0	460	0	400	0	430	0	1.64976883360063	-8.60587263338708	-4.56627343199113	-2.98319146046674	-2.03088428714098	-1.37018841057785	-0.871353934979826	-0.479957666234705	-0.167250693199339	0.0931969399413966	0.321816144372468
4	30	0	390	0	150	0	270	0	0.166713109483673	-3.52418250782523	-0.412160638857557	-0.0091852221788252	0.110604659994718	0.0961704638117092	0.0855874912224883	0.0812146481106166	0.017431246901201	-0.0160217299477149	-0.031381712760208
4	0	0	120	0	40	0	80	0	1.79209168177109	1.36069905023497	0.792593837016995	0.506474709349693	0.427314050642274	0.226751571073355	0.111376218888591	0.00123056623692651	-0.0945982458626578	-0.0829253923690934	-0.142979910438376
4	20	0	380	0	140	0	260	0	0.158735484919744	-3.55977716124494	-0.240302497053114	0.00769089984472834	0.0769570842848315	0.112341239947734	0.0610727431573711	0.0452325953483119	0.0299209367230171	-0.0341291688434822	-0.00735742950756569
4	10	0	370	0	130	0	250	0	0.161234018913937	-11.3438047676961	-2.42892456580703	-1.12696150438301	-0.587288138124314	-0.350924093423409	-0.23745488569486	-0.0658690315521699	-0.0229852023367202	0.0412577197297824	0.0405975151211455
4	10	0	250	0	90	0	170	0	0.696066727931896	5.79613688577848	-1.39559902166041	-1.54151157153697	-1.28316453379044	-0.961923252357796	-0.648776186634427	-0.372791415332427	-0.136853870064533	0.0545928341263186	0.231710588886131
4	90	0	390	0	190	0	290	0	0.23404524027604	-3.74104399876072	-1.61270480562163	-1.00650522802428	-0.694375042940824	-0.463549746041469	-0.3047276794481	-0.161921859242592	-0.0447935681471992	0.0375926516672245	0.0947477231245372
4	290	0	350	0	310	0	330	0	31.7893804572285	22.1826021375445	9.20760418691841	5.76290832056616	3.85230996098201	2.57076480013613	1.63618439928887	0.911186772082413	0.317979441259211	-0.176635388732608	-0.613194116983886
4	0	0	330	0	110	0	220	0	0.263719401019462	18.3749943327516	13.3949564815891	9.47965057101774	6.37516480575407	4.05974742788518	2.38987927349579	1.22580075621379	0.559347228715933	0.196096379770119	0.226541430693587
4	20	0	260	0	100	0	180	0	0.841937210982126	5.92097135217014	-1.34114044928579	-1.49972264026233	-1.24110510229343	-0.931688399322992	-0.638402183325706	-0.378122990426748	-0.159193006601404	0.0611273415531845	0.242607918691783
4	40	0	430	0	170	0	300	0	0.146800937384502	-3.31894020635683	-0.507484333552424	-0.19886542743445	-0.104283226774187	-0.032027378126844	-0.0358292632558015	-0.0219816909642377	-0.0290849134524344	0.0266007611418365	0.0157517904959502
4	260	0	290	0	270	0	280	0	158.741065254896	23.1701898790709	11.3049402790188	7.35132365471808	5.01267245720672	3.40414557882613	2.18819080159439	1.22797520948973	0.434207847753532	-0.232518533746549	-0.812500056642518
4	310	0	340	0	320	0	330	0	62.2499087169188	20.0934288593846	9.6512260187534	6.22100510584126	4.22857196886564	2.8507046761947	1.83405624576948	1.01944717024708	0.359706090419915	-0.191870081468226	-0.670561543892304
4	200	0	380	0	260	0	320	0	2.08227872776762	9.85889345068814	0.485776714777202	-0.348892650395224	-0.459832632797232	-0.406113543521469	-0.297757933612122	-0.181459348139256	-0.0699503129486613	0.0263491579868817	0.115290636599654
4	20	0	200	0	80	0	140	0	0.918599772672445	4.56578658423479	-1.13168635638356	-1.22006789640647	-1.00352688553828	-0.736626464488107	-0.508213023241626	-0.298395578966235	-0.112903149113175	0.045290978779551	0.190483448622827
4	110	0	230	0	150	0	190	0	9.92665583945581	11.7328349600671	2.21882269545951	0.908909796042448	0.433014015056493	0.205738150499528	0.124314277069786	0.0320088456291987	-0.00675442150481839	-0.0449876991865336	-0.0302595334583678
4	50	0	290	0	130	0	210	0	1.03998580534362	8.42553509179414	1.21616231638379	0.437346127305995	0.178584336421486	0.0957981633735683	0.0350064193324031	0.0164635188219462	-0.00218434775942171	-0.00132063662612774	-0.00582230657761258
4	270	0	330	0	290	0	310	0	43.530482595434	22.5127869944094	9.93034589694431	6.33171322071688	4.28898390800889	2.89542121141271	1.85973619064954	1.04656042365166	0.377197647589331	-0.19251548303591	-0.693068577306535
4	0	0	390	0	130	0	260	0	0.104114094378382	-6.91440962329651	-0.886723421084593	-0.317531634377239	-0.208116987065052	-0.187252130019606	-0.0953015530655129	-0.0416074482829791	0.00253830019400399	-0.00777265174884629	0.0121519262263585
4	310	0	400	0	340	0	370	0	6.5513273123547	-2.66783321897567	-2.71547795621848	-1.86017034689716	-1.34939562421006	-0.860403983659286	-0.534303143648896	-0.35311479105912	-0.173555693357334	0.0405086998192918	0.238691121688458
4	230	0	470	0	310	0	390	0	0.838034004778195	11.33109009457	1.79860081667877	0.697620911963846	0.307758291853119	0.146061888322932	0.0578392764150618	0.0405580518741999	0.0126134748860764	-0.0150812684982685	-0.0278541321003582
4	30	0	450	0	170	0	310	0	0.114739433051029	-5.85904258571824	-1.26260176406384	-0.647652296423742	-0.23138344677177	-0.113216750846749	-0.0782533172652034	-0.023253953278775	0.0240830211067186	-0.0220719878699436	-0.00145861255143255
4	50	0	440	0	180	0	310	0	0.150768578925248	-3.93010913950257	0.11735211029535	0.193640618084263	0.155631014889639	0.0680819052362306	0.0650948126519285	0.0390415972187265	0.0340927484386578	-0.00402010508206398	-0.0359792391676981
4	10	0	340	0	120	0	230	0	0.267773691788545	-5.30962629381249	-0.946241305893005	-0.500438279865709	-0.279947827830426	-0.191247998242361	-0.112461779779198	-0.0861572947630459	-0.0158278485142381	0.0123243346328621	0.0491464859322744
4	270	0	420	0	320	0	370	0	3.84727148256253	16.4293106344734	4.33216334143629	2.34224522302336	1.48756950534953	0.882755751474726	0.514965204365822	0.269965846317547	0.0983778425870231	-0.0579024123731696	-0.271463275635095
4	0	0	210	0	70	0	140	0	0.557238711401	1.80109148602489	-1.92522028102102	-1.90135684984352	-1.47376753079357	-1.04284227160884	-0.681007610706898	-0.376500984606748	-0.184645007451065	0.0555917431043973	0.278011102419757
4	10	0	430	0	150	0	290	0	0.104476891460293	-2.8531225532997	-0.084349852762938	0.103143251859723	0.162764578108102	0.141012954481565	0.0985687575587253	0.0725953732884362	0.0344026677181577	0.00411833067771191	-0.0424287040540119
4	20	0	440	0	160	0	300	0	0.113024283987174	-1.93276970883475	0.213561174692396	0.212533531566082	0.150104606700938	0.14544768207471	0.0511178025825786	0.0882812393938505	0.041829457679886	-0.0214732633343725	-0.0429148120662701
4	300	0	360	0	320	0	340	0	33.2202165270983	16.6935543278422	7.02063450293447	4.4163033106006	2.96240933858221	1.98323930787398	1.27518812445329	0.713252969520621	0.252901142662983	-0.137801420074671	-0.470814058796678
4	50	0	140	0	80	0	110	0	3.68612479582653	-2.83040376456331	-1.99785623735669	-1.37390827879263	-0.953757189428302	-0.659252680504155	-0.420105991892576	-0.237767303409145	-0.0758893435855123	0.0496476992444558	0.150200847542584
4	30	0	420	0	160	0	290	0	0.141040791323309	-8.38418432154924	-1.40642403330994	-0.540107264763776	-0.272343539730513	-0.170948806747447	-0.0664494800834348	-0.0321688604505237	0.0175883828641883	0.0171818044115444	0.0227402384899492
4	20	0	140	0	60	0	100	0	1.8932547935523	-1.80641985948211	-1.24257617093455	-0.842078911964907	-0.584872315763429	-0.403410168197473	-0.255590438490559	-0.141252278387626	-0.0443812334885844	0.0301972485529919	0.0870371839601215
4	20	0	80	0	40	0	60	0	5.18590719946276	-1.05028478288277	-0.566346754885094	-0.282333516553689	-0.256218472134578	-0.19285932849188	-0.0864937912476387	-0.0994130803599925	-0.0270536765613156	-0.0273544809517518	0.0141314273353395
4	0	0	270	0	90	0	180	0	0.544446234050992	3.15319203373716	-3.28247448827755	-3.03252185610294	-2.44297114232089	-1.83117033481307	-1.26455279424849	-0.773633203734552	-0.281359883962362	0.120319498552715	0.43578295178122
4	260	0	410	0	310	0	360	0	3.87347964097495	19.731669445557	5.21035812949544	2.83610136206046	1.75738257413915	1.12081232039278	0.688723755673003	0.375052171388955	0.129244685897395	-0.0790264987706249	-0.251871847493046
4	60	0	270	0	130	0	200	0	1.82378719572669	8.44297596719879	0.814036034419253	0.0493430229396952	-0.118480732258339	-0.142996795815603	-0.117877249174141	-0.0767325806949788	-0.0324100225384614	0.00795713270273208	0.0520344350056446
4	60	0	450	0	190	0	320	0	0.139532196342722	-0.0443836979328876	0.0491079326321645	0.00776014867597487	0.0784530753580987	0.0562969952693854	-0.00606098282891834	-0.0379095015111152	0.00571090815748366	-0.0477685522097123	-0.0100980363777037
4	240	0	420	0	300	0	360	0	2.11172119720468	17.9283777516995	3.8428533215309	1.8368793577949	1.03969548510291	0.614609837606723	0.358671033340987	0.186179607427199	0.0605577389299481	-0.0351056691766553	-0.122728443015653
4	70	0	430	0	190	0	310	0	0.170793095757022	-3.38198186328609	-0.991816125281728	-0.573161008692274	-0.398620383026466	-0.255756237102712	-0.152410364584773	-0.0810138880616289	-0.0234451683472834	0.00919720027781109	0.0433860943354133
4	220	0	250	0	230	0	240	0	103.253291947733	21.5793865132668	10.6478120609134	6.95776092095768	4.75407124902983	3.2345052026661	2.07592645878856	1.15445467638104	0.402282313795426	-0.234748174316817	-0.783669655216321
4	20	0	410	0	150	0	280	0	0.130545682745708	-3.71486937984107	-0.312742771518117	-0.102140454072082	0.0181239732967919	0.0215315051606667	0.01413451026252	0.0411820997827438	-0.0151088192349886	-0.0105955813304527	-0.0304703689314681
4	100	0	340	0	180	0	260	0	0.716326044100567	-0.854070524874615	-1.94977665315655	-1.36755145400418	-0.969005398406625	-0.648537886781429	-0.411759535874019	-0.239670856084677	-0.0841615705416676	0.050215407554277	0.162889875880642
4	10	0	190	0	70	0	130	0	0.669166702445132	2.06229135390265	-0.920026117462729	-0.899173508895738	-0.734143934299196	-0.549730536000044	-0.366668174569362	-0.188042902643579	-0.0611836749422474	0.0434047765900532	0.121000933633821
4	240	0	270	0	250	0	260	0	108.064505725406	22.0476096136818	10.9487266467376	7.14307263256946	4.89023665432123	3.32438751040522	2.14327070416129	1.20400201740914	0.426583259370437	-0.223241551527371	-0.786024787532607
4	50	0	110	0	70	0	90	0	5.87093218391154	1.02400230770245	0.287284452452722	0.211793920804382	0.120206753994928	0.0957925283863367	0.0902391152170048	0.0289842834547077	0.0323569207045104	-0.0132494399988453	-0.0876535112510725
4	0	0	300	0	100	0	200	0	0.348773460338433	5.38840411497912	0.424247283458908	-0.000557491011125809	-0.0622653911811384	-0.0995558518365773	-0.0727062004265616	-0.0421461894925926	-0.0236448470115909	0.0117986518253603	0.039439482839739
4	20	0	290	0	110	0	200	0	0.590886035530155	10.1011632429008	1.06394993968895	0.200201939965298	-0.0294895392089601	-0.077990449876656	-0.0783057372857194	-0.0438758236441853	-0.0297512053933455	0.00807169154527498	0.031744006981122
4	360	0	450	0	390	0	420	0	1.34387000362714	-3.44832865092522	-1.78458064598569	-1.19893055037631	-0.724689405973062	-0.515037830795531	-0.420447886209107	-0.23481747240858	-0.0689311509613765	0.0217206789766682	0.121952429939158
4	90	0	450	0	210	0	330	0	0.164523777935413	0.296717066190277	-0.275654242442782	-0.275403707567862	-0.214470630947146	-0.16549275162633	-0.11400295881293	-0.0562994852543559	-0.0148573464118989	-0.00625894865123254	0.038752751470389
4	250	0	400	0	300	0	350	0	4.5904410179075	21.2275408906585	5.76375617097057	3.13187182402689	1.9335377580428	1.2265833457078	0.755484849096687	0.407085244197644	0.129878576743954	-0.0810493294131228	-0.269886196879107
4	80	0	380	0	180	0	280	0	0.288660498988895	-1.3157151349418	-0.626401506350783	-0.488414764215467	-0.375992270118962	-0.311515331840142	-0.118632942812775	-0.0607837725440135	-0.00343151699936694	0.00304069982955669	-0.00820142175142704
4	210	0	360	0	260	0	310	0	3.84505131509873	10.6847308581912	1.03577992081742	0.120938392216757	-0.101595785200285	-0.22307888961847	-0.230969121197565	-0.210729887420537	-0.0684768580544773	-0.00183296486843129	0.05119411706243
4	210	0	330	0	250	0	290	0	10.2847945935238	10.8874213235252	2.05257027001165	0.883755225465102	0.450050393936966	0.254026399434639	0.106940846472866	0.0548504790005182	-0.00987466846705899	-0.0327217990356037	-0.0563816756148051
4	10	0	460	0	160	0	310	0	0.0877394211884167	-2.2132730233922	-0.555761653426821	-0.273769860376203	-0.160215488107497	-0.076616721338227	0.00396488803336117	-0.0127750043936918	0.0202120628165177	-0.0302467455472728	0.024809869339431
4	130	0	400	0	220	0	310	0	0.286757332380682	-1.70248221582617	-2.87215497366812	-2.12044979220984	-1.54572970450242	-1.10123735916985	-0.724032685638397	-0.40111601174413	-0.152843049052068	0.0681568310579791	0.258175757294905
4	120	0	450	0	230	0	340	0	0.196317556748283	0.587522648370372	-0.470485760731197	-0.444801640758872	-0.325756066287187	-0.223157177340336	-0.170009150356079	-0.0711934739600562	-0.0352994289027499	0.00594493348629252	0.0444191611620174
4	110	0	410	0	210	0	310	0	0.230391070099089	-2.47259494036929	-2.12943223165875	-1.54526585026368	-1.12108215879278	-0.796097279080949	-0.537465718405344	-0.296722790728765	-0.102929450461708	0.0537689560320708	0.189997292738
4	210	0	420	0	280	0	350	0	1.32577615017779	13.8960403675156	2.14104478621608	0.693982933609773	0.280392849421694	0.127290101986694	0.0597377993328748	0.0184853258301691	0.00337182321948768	-0.0112589432215808	-0.0175251262528518
4	20	0	470	0	170	0	320	0	0.0838702426375269	-5.35327411205995	-0.932636690819726	-0.419316329004091	-0.180614040737747	-0.166087504217796	-0.0791195716268775	0.0418469302854126	-0.0158457163937985	-0.000208115516495215	0.0905004004090649
4	250	0	430	0	310	0	370	0	2.48906145542581	17.4142780010977	3.84551330935712	1.871134979622	1.08340350318153	0.651638553336193	0.378282321058484	0.20340866996325	0.0643041125886615	-0.0448507589372723	-0.134868878558205
4	120	0	270	0	170	0	220	0	4.92023472638663	14.0440928203413	3.01971378756147	1.36826195597953	0.739769937029702	0.422232989458703	0.222719965916828	0.151141272238659	0.05214807930398	-0.0486470056006255	-0.128977745989792
4	110	0	290	0	170	0	230	0	2.59318413569116	14.7491867464453	3.04448658473797	1.41845535081517	0.793220169716046	0.473610072962017	0.278562332333672	0.136406207204122	0.0383183532991388	-0.0268146473164108	-0.0899982318453635
4	70	0	400	0	180	0	290	0	0.234387921906116	-4.68740930783332	-1.17162763499065	-0.623545792694251	-0.403920638913549	-0.249647349003575	-0.138227685796593	-0.088796127366195	-0.0267614147646214	0.018267029820461	0.0512052741717829
4	90	0	150	0	110	0	130	0	11.5996620800835	4.76432309152815	1.80915418663759	1.0940079486137	0.730600071270262	0.500201182586313	0.300785993157271	0.150854285726152	0.0787859235893242	-0.0277607924726425	-0.137349033414984
4	80	0	260	0	140	0	200	0	2.74027597119159	9.35945832640321	0.939725599155781	0.0364528272612416	-0.100291700400844	-0.177183706128626	-0.113572494342505	-0.165275600877756	0.0178095639587284	-0.0939771553291931	-0.0333701241807058
4	350	0	440	0	380	0	410	0	1.64539507363635	-4.13405029644115	-2.32987762291769	-1.50894456424107	-1.01355861394825	-0.680534415054927	-0.429744211387634	-0.235930135347893	-0.0794881072155137	0.0481220584416088	0.154539492321858
4	80	0	440	0	200	0	320	0	0.165210458987036	0.951424435378513	-0.406277739669485	-0.35550338460935	-0.241547580554761	-0.211134554427059	-0.123599414541383	-0.129481070528716	-0.057437712836781	0.0142254031702746	0.0306430821221423
4	320	0	350	0	330	0	340	0	42.2002218902218	13.3989710018749	6.46587682107304	4.16443379435036	2.82583825165092	1.90787664138932	1.21940707693029	0.681005392968016	0.24327002420322	-0.133898101281674	-0.447822323882462
4	10	0	400	0	140	0	270	0	0.117434574592753	-9.93932318103098	-1.45981220684344	-0.585865037693973	-0.171671857904538	0.0164852105910133	0.0565278510042831	0.0489859007859484	0.00728892983212488	0.0349914803739768	-0.00653066641051378
4	10	0	280	0	100	0	190	0	0.612791092872775	10.9665419388515	0.873150843164158	-0.00929882588875556	-0.204509324463129	-0.197904531072843	-0.152700768825537	-0.107502078716018	-0.0419539716480612	0.00674956569929981	0.0712325238238064
4	290	0	380	0	320	0	350	0	16.2662149825472	16.2891481967821	5.65800886841634	3.3647035089523	2.19695697261238	1.47743860521754	0.952285758026303	0.519497314079796	0.174355460767922	-0.119662324657503	-0.337648722009593
4	0	0	360	0	120	0	240	0	0.159109584521215	-6.6699743653619	-1.71123703817408	-0.895359360369674	-0.562936706586258	-0.351312291989957	-0.203479380067306	-0.116510029464579	-0.0611930290966475	-0.0263083880920696	0.0745538716983832
4	310	0	430	0	350	0	390	0	1.99923634910709	-7.08175192211917	-4.43624954199674	-2.95204250805864	-2.01740288101909	-1.36824638651412	-0.875377147937541	-0.49583478128569	-0.168254017791376	0.095479205819772	0.325767665947379
4	150	0	390	0	230	0	310	0	0.509116864792213	2.18595854009477	-2.53013278363302	-2.19637020890651	-1.68639359303195	-1.22995035046145	-0.824344817871041	-0.484905251983289	-0.175951970758916	0.0811401196014269	0.306937847115183
4	140	0	440	0	240	0	340	0	0.270427401687246	4.24205337541448	-0.327872798017965	-0.566367970826167	-0.512896704514048	-0.410103498352436	-0.294434730887025	-0.192809483713022	-0.0505114854900448	0.0375916451997343	0.104148335185022
4	180	0	450	0	270	0	360	0	0.648508424153125	7.61104381645997	-0.289707083785267	-0.787159147516549	-0.742327498161089	-0.581213793602811	-0.409794795611456	-0.237647237340187	-0.0904768344548283	0.0385274930299378	0.153703554675423
4	220	0	280	0	240	0	260	0	60.2554330680559	21.496014544529	9.06885364867516	5.6725010157785	3.7956767280886	2.54348281754156	1.6188411493486	0.897751880547019	0.319131348091813	-0.168891799268972	-0.597998615623447
4	30	0	300	0	120	0	210	0	0.587457657228272	10.3767099329803	2.27383481370708	0.87518935945361	0.462482659602135	0.251989964499849	0.132869356998786	0.0304371748238434	0.0623803511848425	0.0166020195259521	-0.0546034755436044
4	190	0	430	0	270	0	350	0	1.08522318362022	8.28117306053879	-0.108098242793198	-0.661599194024463	-0.661519155748001	-0.521395159207775	-0.371282430219511	-0.216144640921539	-0.0913501477344435	0.032286739936332	0.14858335626476
4	190	0	340	0	240	0	290	0	6.17432129310364	7.59693558584311	-0.464734164093266	-0.869572071268387	-0.781474345062927	-0.6317437799327	-0.472355285403937	-0.236084589742095	-0.104144947188133	0.0528290649910132	0.108648974522346
4	40	0	460	0	180	0	320	0	0.112303997068444	-1.63580648182127	-0.38291817177393	-0.227274125040245	-0.124606452812406	-0.0811543024250731	0.0126808419497542	-0.00785585306655583	0.0970669326557337	0.0455412197037943	-0.0194963816020495
4	230	0	380	0	280	0	330	0	3.88018547959131	20.1533763939533	5.149819638604	2.68015640743517	1.56994247036005	0.953268597816884	0.603623276551136	0.318158184685424	0.0531399977903718	-0.0877996453264386	-0.25169661128614
4	160	0	460	0	260	0	360	0	0.354799153493074	2.29826582366424	-1.21734639588212	-1.06340928551245	-0.853756473966686	-0.576036033811774	-0.344143884987521	-0.204876522163057	-0.0845331336717555	0.0412967404012844	0.12200247102593
4	30	0	270	0	110	0	190	0	1.0960862234348	7.83600649009485	-0.00493414052143985	-0.715117514605061	-0.703315074867051	-0.547732749628084	-0.4025718848084	-0.256056766033376	-0.0875955455607221	0.0525468367704655	0.160425638441708
4	180	0	330	0	230	0	280	0	6.38695882867848	10.1601513869807	0.829726491347877	-0.0416901009488681	-0.279056841043954	-0.259002636676584	-0.205431831334595	-0.116650129065849	-0.0597341263807502	-0.0162642439637869	0.0453146470263279
4	20	0	50	0	30	0	40	0	15.2932590723755	1.21658966533061	0.469815107692806	0.252974934249306	0.147210868793845	0.0855349784236829	0.0385517907385219	0.00833088937399271	0.0299387650099593	0.00256258243280847	-0.0331419686348437
4	120	0	240	0	160	0	200	0	8.43039196894243	10.6681413142611	1.85372110330542	0.668722762684108	0.292725130212179	0.132932911108813	0.0364464519228915	-0.0092357993689447	-0.0416283078744551	-0.0138108733009417	-0.01302353454314
4	90	0	360	0	180	0	270	0	0.408513509236233	-0.727025615933658	-0.567422496641788	-0.459765698569686	-0.347631714927391	-0.263607277214394	-0.0682415163918135	-0.13400336607723	-0.0945314119441981	0.0064195792327653	0.10702655503744
4	130	0	430	0	230	0	330	0	0.226809524025618	-7.71905784236457	-2.22412068602011	-1.8864129159776	-1.2151203809336	-0.7651176325122	-0.39280267294539	-0.227283509543391	-0.188731702553034	0.0456896616415047	0.28033401030451
4	190	0	310	0	230	0	270	0	13.7355547573594	19.3166928397212	5.60593170777194	3.11597639642195	1.95582660044925	1.22709581681145	0.779349140331681	0.425685454326694	0.135764601941838	-0.0853474792201284	-0.281590690175644
4	60	0	360	0	160	0	260	0	0.397073034176015	-2.82277297097601	-0.661039244360806	-0.287005084005819	-0.18898991909558	-0.0265735351138158	-0.0693513086558001	-0.00143078205713653	-0.0258805857592663	0.0303712783316077	0.0064970487943211
4	140	0	290	0	190	0	240	0	4.72847261585758	17.9250452004339	4.22250574093287	2.08298169760144	1.25817841795737	0.81274076701618	0.484305155511606	0.274321969564507	-0.0170434714486375	-0.117274741618284	-0.216698259117682
4	130	0	460	0	240	0	350	0	0.226316918825803	1.61533907383564	-0.898755396406373	-0.540540931868712	-0.484087614168012	-0.407559791512132	-0.293123485042477	-0.160931518731662	-0.0706957503099205	0.0431693930395256	0.111295212834544
4	110	0	440	0	220	0	330	0	0.183754481934721	-0.148841612902916	-0.894299423713302	-0.693751864017269	-0.511029530209623	-0.355061947213337	-0.215008536475892	-0.124659432081947	-0.046740632268292	0.00792419639132095	0.0806002827082351
4	70	0	310	0	150	0	230	0	1.05834390803089	8.45156539506107	1.35035143139922	0.522231719126836	0.240644661032501	0.112262988951259	0.0551607566474007	0.025780804252055	0.00371133306495812	-0.00541867630307336	-0.0149173569250555
4	110	0	320	0	180	0	250	0	1.58988068749964	9.6682550927522	0.926425883606187	0.128609302285879	-0.0665582928870991	-0.107567942199469	-0.0889531720540767	-0.0662261665741124	-0.0254400431839001	0.0140172356004023	0.0355171548451708
4	70	0	460	0	200	0	330	0	0.141702104443263	-0.432680637221868	-0.538068641709723	-0.364457093673921	-0.281097208494642	-0.176972424208243	-0.13159015809304	-0.069148661243554	-0.0188328129751424	-0.00730588394706042	0.0211487136245258
4	340	0	460	0	380	0	420	0	0.851943395980458	-2.01781892225382	-0.976647690329723	-0.794977386836044	-0.543480500731245	-0.359247129563347	-0.255160657747826	-0.125194007027198	-0.0373932218495376	0.0315588090159934	0.0909503706365852
4	190	0	400	0	260	0	330	0	1.44770466994136	9.32874959609532	-0.337645953638692	-0.946944662681244	-0.898295025504741	-0.704766552942885	-0.494428554138987	-0.300535077175411	-0.116127420487286	0.0469382141231533	0.190504025342299
4	150	0	450	0	250	0	350	0	0.32249572529319	4.8773590390915	0.220060495499595	-0.192810823052896	-0.246121965636821	-0.200977862631486	-0.146543346866836	-0.0887646680031853	-0.0392837540624605	0.0151700364174199	0.0648533348684658
4	80	0	350	0	170	0	260	0	0.481635562080386	-5.18806177726685	-1.58109506282629	-0.952177478314542	-0.618251225706477	-0.402084406329811	-0.239462564143821	-0.133744609157184	-0.0347839907753482	0.0369892148337437	0.0828988133788748
4	100	0	190	0	130	0	160	0	11.1049629901661	12.5809343470931	3.34265799725174	1.75876313693115	1.05285124134008	0.687623636220711	0.429411782849523	0.236532628978434	0.0771675625747367	-0.0710937464867668	-0.156478923492335
4	120	0	360	0	200	0	280	0	0.479302664602637	-1.80385936622891	-2.58733252884163	-1.82548566750194	-1.25536534235158	-0.831799272988762	-0.609909809411888	-0.380352837737413	-0.100795256138963	0.13229558674085	0.207803388972351
4	40	0	280	0	120	0	200	0	0.982882352482411	9.96252698078867	1.27154441826782	0.357533321862406	0.0897116154909961	-0.000805524401419253	-0.025001149027471	-0.0154595707601878	-0.00863806701474374	-0.0034938085998341	0.00527631923218457
4	100	0	370	0	190	0	280	0	0.320808163453388	-6.28475862865237	-2.71537032335084	-1.67671870745468	-1.09881055168294	-0.723089268222224	-0.44459557071326	-0.246645263539871	-0.0827028115423493	0.0581898719470081	0.173736530040257
4	120	0	390	0	210	0	300	0	0.289278402271674	-2.67255277415381	-2.48034598127054	-1.75728879484541	-1.2598172395489	-0.852618615893838	-0.549133942385657	-0.3328600979817	-0.120110357550427	0.0663053010607091	0.20511332338255
4	140	0	410	0	230	0	320	0	0.306024985989315	-4.11279830691438	-3.43934490271131	-2.46489898217226	-1.70300434267021	-1.13036897111129	-0.697361288192607	-0.393190468088433	-0.147824984113031	0.0667850913844806	0.261586071634001
4	150	0	420	0	240	0	330	0	0.373146292363601	2.78153376455072	-1.54011245087465	-1.45217640535042	-1.14443429249048	-0.845080261705966	-0.55976189953831	-0.335325853050321	-0.116379127404211	0.0724054878195663	0.210636706701916
4	170	0	470	0	270	0	370	0	0.457129208238619	8.42852109299935	0.429233670637882	-0.231714185945447	-0.341123342075479	-0.307252380150011	-0.218012682398555	-0.131764786656585	-0.0598843401103313	0.0200399741115637	0.0966665065729318
4	160	0	430	0	250	0	340	0	0.418528011566897	5.96510737733404	-0.421581411868158	-0.739940706960924	-0.678076074482334	-0.553347043801059	-0.400295657085996	-0.222986162880669	-0.0805719789206167	0.039003922242685	0.16153467066434
4	170	0	440	0	260	0	350	0	0.582441795156692	7.61156377613492	-0.25805924240664	-0.730718126408107	-0.692742660599692	-0.54488925797673	-0.383998223626147	-0.222989781212509	-0.0964139216503531	0.0453022413137836	0.146779459036207
4	190	0	460	0	280	0	370	0	0.699873685000108	9.33026529579129	0.665026988236541	-0.0714124589195886	-0.22361975490871	-0.219910333523195	-0.167261066870721	-0.115264512797597	-0.0437817685972734	0.0177335105903528	0.0724225040530445
4	200	0	470	0	290	0	380	0	0.648390956319409	9.74693591523185	1.12708420922106	0.294985900559823	0.0469781167397746	-0.0266214468169554	-0.0422522094027864	-0.0430644766439564	-0.0144784242870521	0.0111892306902765	0.0241827374046765
4	150	0	330	0	210	0	270	0	2.40960075178379	9.60244483887513	0.320992212282109	-0.3289976925149	-0.45941259499819	-0.25658465330654	-0.266107041341477	-0.123988166688016	-0.088832886339955	0.00965955918655612	0.0369305451141173
4	390	0	450	0	410	0	430	0	5.57309134807594	-5.02751282185425	-2.46434970794052	-1.56284012938194	-1.06717993919757	-0.671474001013667	-0.381831054448149	-0.179161288194645	-0.0616320803677139	0.0600205267013809	0.0895075247831855
4	50	0	380	0	160	0	270	0	0.244441172083803	-10.8726017076799	-1.54677377584128	-0.548799253892967	-0.250900555772008	-0.0928339362253049	-0.0425465974636644	-0.0226719093612505	0.0149265392006416	0.00934716099049985	0.0271621294413273
4	0	0	450	0	150	0	300	0	0.0851620912831065	-0.559692327409632	0.206741728589106	0.0891017281103547	0.112704186933113	-0.00476849298105307	-0.0297607066510748	-0.0540119292502043	0.0252365687084728	0.0725746447399422	0.00637376634903234
4	290	0	470	0	350	0	410	0	0.870361231034363	-4.29183566185305	-3.46434943584518	-2.424063940942	-1.67503985635216	-1.18378584283893	-0.742981343431271	-0.400273974373963	-0.144603093510956	0.0686461276677213	0.256221059905231
4	40	0	400	0	160	0	280	0	0.181115176998942	-4.55635639320326	-0.564344820525513	-0.20912396503242	-0.0366880305831725	0.0301093404517675	0.0466534006232803	0.0688101953899703	0.0287147606429059	-0.0447748771425589	0.020454690932833
4	250	0	460	0	320	0	390	0	1.50814549454776	11.7884634974371	1.69011343159102	0.594357630188466	0.247271435873995	0.100137577788285	0.0374372947433836	0.017237768641659	0.00279335617503482	-0.00413533223530335	-0.00990921165966583
4	60	0	300	0	140	0	220	0	1.09473217095173	10.7187776454043	2.05762763222844	0.93843337643834	0.508807532966185	0.296537251041957	0.170857686022828	0.0823618449303642	0.0218276190814867	-0.0271363811259463	-0.0520655445099827
4	240	0	360	0	280	0	320	0	7.77017866400943	19.5204936404797	5.81745354552816	3.24183163212667	2.05143212770018	1.30617498944544	0.821467127033052	0.481988795290436	0.145118401247849	-0.126309056134945	-0.33710196199231
4	160	0	280	0	200	0	240	0	11.1826293431501	20.0606915191062	5.65044449080362	3.12192532261207	1.89625497663387	1.20970346395592	0.700734973848423	0.390909059687215	0.125046656716039	-0.0794705172927126	-0.276881281951469
4	50	0	80	0	60	0	70	0	14.2241603874815	-1.72933246531832	-1.20376211543086	-0.841092889435855	-0.592935969823229	-0.398973327990115	-0.261471860570369	-0.154166025146885	-0.0553307176507474	0.0410460644625026	0.0835994062510213
4	80	0	320	0	160	0	240	0	1.02998421691703	6.2114536030219	0.406235536909349	-0.0460205583924505	-0.125485237172177	-0.111921051584052	-0.0807728776518061	-0.0490785046652339	-0.0229970059397279	0.0103269111872865	0.0376305680179968
4	110	0	350	0	190	0	270	0	0.479005004427606	-2.6426690761386	-2.49689743560482	-1.7090710971892	-1.18271949034581	-0.781923516154758	-0.488214530284269	-0.2682373563942	-0.102854948759162	0.0582120518200984	0.179226883455302
4	60	0	180	0	100	0	140	0	3.42375383478028	7.44055067316298	0.976721309734953	0.223868083162058	0.0665632457554283	0.0098727945929318	-0.0381248695226739	-0.0777996524233285	-0.0303616119396352	-0.0385943991389056	0.0436147895320816
4	170	0	410	0	250	0	330	0	0.699671536353422	5.60336633764979	-1.82537056577489	-1.82721254232498	-1.45825224316105	-1.07168892096197	-0.723750426160592	-0.438890508651756	-0.156469155269938	0.0743178044314768	0.266299392508529
4	40	0	250	0	110	0	180	0	1.34369642657364	6.62000336744025	-0.899233460692451	-1.21917520834519	-1.05206046804666	-0.800562360763259	-0.550438298569278	-0.325110792344279	-0.126598413482402	0.0494192890706271	0.21321932265864
4	120	0	210	0	150	0	180	0	18.5726956788372	15.5011608529905	4.63559126266711	2.61182115620855	1.64469253933132	1.07058773863192	0.659262182343215	0.342216392098797	0.129010737737504	-0.0745179639674273	-0.244108681781195
4	90	0	240	0	140	0	190	0	5.55220138843953	9.75270057630588	0.836863644428369	-0.133781454648348	-0.344922786647559	-0.365247208852406	-0.261820078680147	-0.170825132110752	-0.11119578637422	0.00386513028881468	0.12428671327599
4	140	0	380	0	220	0	300	0	0.447543806791634	-1.16379341427857	-3.26663411208497	-2.53473984255284	-1.8720122735158	-1.34737899057755	-0.895390842357364	-0.51026720257663	-0.188652611363645	0.0879410243953294	0.333277791307088
4	50	0	470	0	190	0	330	0	0.10915517606599	-7.41958345866602	-1.05430991551866	-0.189243609686808	-0.0507853216458371	-6.9850727152171E-5	0.0886350102714682	-0.0333728791818915	-0.00686792632104072	-0.0151351269122229	-0.0205750589517989
4	160	0	400	0	240	0	320	0	0.591137277827022	4.11086525735971	-2.20845189830256	-2.11262046157606	-1.68579307656116	-1.26905981075885	-0.865621299311239	-0.506466189655916	-0.184350853111629	0.0789989451362665	0.334131618442148
4	180	0	420	0	260	0	340	0	0.837473673584463	6.35877805669096	-1.42177473714538	-1.56208681784301	-1.27243144605543	-0.948468226211703	-0.646857950099831	-0.365180090513491	-0.142947197201304	0.0601601219874907	0.236050715076767
4	200	0	440	0	280	0	360	0	0.886469121843811	10.9401310967948	1.12248316959332	0.185516688073064	-0.0653185291219386	-0.118473649774675	-0.101491146427463	-0.0710887701275127	-0.0226178768840729	0.0039625195989063	0.0431039171655702
4	210	0	450	0	290	0	370	0	0.910270780717907	10.4923235453183	1.51946389142103	0.357965352958605	0.106615022418666	0.0121939791594118	0.00458149308191554	-0.0210665887855633	-0.0221240179693011	-0.00541540510471493	0.0281403165992011
4	220	0	460	0	300	0	380	0	0.89048172397455	12.0505778714482	1.94061424259217	0.680287370138844	0.305988197364077	0.126323233845116	0.0522720968390765	0.0263686029009938	0.00468566360329489	-0.0166973941805297	-0.0242970090468448
4	70	0	280	0	140	0	210	0	1.68297097886388	10.6757112760756	1.68470068255118	0.641632026736966	0.297217949330736	0.152069770753368	0.0791673591261473	0.0380183170182064	0.0115930216908264	-0.0129465378408272	-0.0299724792849481
4	50	0	170	0	90	0	130	0	2.34286821415035	3.75599151810189	-0.182703575730024	-0.425496218562937	-0.39513876707656	-0.317175127821157	-0.208457313255802	-0.119820400585925	-0.048239797392058	0.0189010828269144	0.072209560152134
4	10	0	220	0	80	0	150	0	0.719810178427462	7.69646163327533	-0.62529532989162	-1.02140220811775	-0.910195294840351	-0.702746949486026	-0.483325246336803	-0.286843365785785	-0.105462441681191	0.0486014461680585	0.180530873632801
4	220	0	430	0	290	0	360	0	1.41019367839501	14.9885463572011	2.7957696482969	1.15849196944796	0.59679617594948	0.326603082142554	0.166067122709444	0.0929554473503107	0.0324062073487711	-0.0190188888484122	-0.0655740158712291
4	80	0	230	0	130	0	180	0	4.70923166358964	9.90730902203941	0.570047218723734	-0.306688217996961	-0.452092754429979	-0.36837652342583	-0.330242416929407	-0.255400581847165	-0.113194014085274	-0.0329737572321882	0.0842231492952646
4	20	0	230	0	90	0	160	0	0.916275656138115	6.97779163389139	-1.03549843390829	-1.33080269731677	-1.12620170812038	-0.858099914585414	-0.580380563834601	-0.346189487696626	-0.132511020091354	0.0585983850624684	0.21392756925686
4	230	0	440	0	300	0	370	0	1.33896512660667	14.4742578775085	2.73277530769002	1.21053340608978	0.640394760628308	0.363576727584128	0.198154995841583	0.0982362509423464	0.0303227089246787	-0.0241149581955973	-0.0767828506062659
4	30	0	240	0	100	0	170	0	1.34307291270735	7.47207028760355	-0.823721574766868	-1.32591356735347	-1.1751174424585	-0.891377516312224	-0.616160593557822	-0.39025667718317	-0.14908473155374	0.0739029253823305	0.24798208934433
4	240	0	450	0	310	0	380	0	1.32667732169452	13.9575137760048	2.46549868641597	1.05903692175831	0.546537033125006	0.309789533162335	0.174164156356591	0.0866252454921761	0.0281910110503441	-0.0226523781376065	-0.0541181458636188
4	50	0	260	0	120	0	190	0	1.78764126520884	8.50314066750462	0.170216347445564	-0.492349372260734	-0.537709734624346	-0.462873602056089	-0.317894552106382	-0.201329464584284	-0.0775664009533293	0.0212957604095868	0.123866497115259
4	260	0	470	0	330	0	400	0	1.13986308672952	5.86981345651754	-0.254382048451115	-0.517227362259543	-0.453524620544796	-0.356026970208568	-0.229929653798134	-0.132480912775463	-0.0525019432344344	0.0230879944342725	0.0711460743215468
4	80	0	290	0	150	0	220	0	1.73441932334015	12.3843578657126	2.48660220120462	1.1360870073272	0.630045578197494	0.366666525641335	0.215114242576839	0.109185142015665	0.0332553124742135	-0.0290234341063568	-0.0725229432309419
4	140	0	470	0	250	0	360	0	0.221926703583619	-2.26694078293008	-1.01820845947004	-0.674151789593626	-0.599409673969225	-0.415415292107593	-0.298310052840408	-0.0837439026009267	-0.115424127949963	0.0244062687374852	0.0995771609169384
4	0	0	90	0	30	0	60	0	2.3799933881868	-0.771180448292421	-0.470327473257705	-0.270239065025441	-0.0897109846889626	-0.0362635934649328	0.0640289985604221	0.0238868333972393	-0.0296703143080244	0.037678798567559	-0.0907502565683223
4	100	0	310	0	170	0	240	0	1.41190890394004	10.530329492289	1.34986334840946	0.373575674128572	0.0999700695137025	0.00600482327447129	-0.0236611313689824	-0.0188251914968744	-0.0159573221849933	0.00475798152362423	0.0146421571825204
4	60	0	240	0	120	0	180	0	2.76300687090619	8.63512322510292	-0.156191894739002	-0.803311578699925	-0.782577442479085	-0.6000365811217	-0.42735080358976	-0.345881848443811	-0.201615382409023	0.104228620766507	0.0369545665446461
4	130	0	340	0	200	0	270	0	0.957280228994231	1.6692691333181	-2.32176894041961	-1.7974875299013	-1.31747431349516	-0.927068782873545	-0.608045261317965	-0.335827456485936	-0.1024214912416	0.0706422770860795	0.204326781270773
4	100	0	430	0	210	0	320	0	0.186959325721831	-1.86436616272162	-1.33787927478185	-0.938449101117602	-0.665344284399228	-0.449385069941342	-0.28964063932437	-0.160629838311733	-0.0462794274077267	0.0207820834288857	0.0919325466089011
4	40	0	340	0	140	0	240	0	0.425587131167513	-6.86037059463251	-1.55843017396269	-0.754839920926088	-0.412147667589357	-0.239760064670431	-0.0811676526806796	-0.0309915791281727	-0.0160077754663868	0.0144704646848702	0.0251614374578458
4	30	0	210	0	90	0	150	0	1.35458920639579	8.85822602307343	0.410614081823435	-0.272906830279901	-0.378483163246897	-0.336860898739961	-0.247723820113885	-0.135791467009562	-0.0545559364159287	0.00812140263703294	0.0887880310377034
4	140	0	350	0	210	0	280	0	0.885930249117647	0.160488965471937	-3.08361598690755	-2.35809297970299	-1.7374716821412	-1.22539404582722	-0.799420565234028	-0.448490351354275	-0.173477154845509	0.0801251789561333	0.297359627428555
4	150	0	360	0	220	0	290	0	0.938764862283886	2.19056321359947	-2.53640378490016	-2.16466992276372	-1.65583216473882	-1.18742774880625	-0.797119823907512	-0.46350946521889	-0.16946291625127	0.0807910293155265	0.300123574650887
4	170	0	380	0	240	0	310	0	1.25475278043608	7.60244565615481	-1.78464843171347	-2.00148290975351	-1.66139553555716	-1.24580548792569	-0.859433564776227	-0.510581628715773	-0.191572148618628	0.081032039441739	0.328771067229165
4	160	0	370	0	230	0	300	0	0.990479415237378	2.87866548037786	-2.60420355630047	-2.27227455634799	-1.75560471374281	-1.30302488513946	-0.835373540758781	-0.470061592457066	-0.187767593114989	0.0753754810443828	0.306027567753412
4	180	0	390	0	250	0	320	0	1.14112301022167	7.47078513701113	-1.7616594992797	-1.9672978218182	-1.63871504909576	-1.23996940588444	-0.858793169159655	-0.510127231320893	-0.197908859468417	0.0796193187254056	0.333660249451064
4	180	0	360	0	240	0	300	0	2.53191529900198	6.27745304272402	-1.73540925828334	-1.8801955011643	-1.55791416587482	-1.16897539566679	-0.796315786199011	-0.469818989924743	-0.179696481248153	0.074642560535589	0.305985460914832
4	190	0	370	0	250	0	310	0	2.32392762366804	8.85270768347601	-0.524674297671284	-1.12115368794621	-1.01586558889359	-0.800946835203363	-0.577721498813311	-0.350351313518763	-0.123748042827175	0.0573140148685684	0.219173976303849
4	130	0	370	0	210	0	290	0	0.455705010534025	-7.58669787845972	-3.79394986061623	-2.86822897089324	-1.94820105939318	-1.29253610710519	-0.817357930071549	-0.501654368434556	-0.237357575533235	0.124423354847981	0.394472360374281
4	10	0	70	0	30	0	50	0	4.19558080847429	-0.886437472049518	-0.566950392696595	-0.349125159911685	-0.207029578030291	-0.131481388493196	-0.101827961593893	-0.0515386324595297	-0.0213794669625061	-0.00835135243925797	-0.012623380900207
4	210	0	390	0	270	0	330	0	2.21175260129778	13.6039921821441	1.98322546645929	0.57179291292946	0.175929023679574	0.0302541707500143	-0.0105849597134571	-0.0154235529996645	-0.0123287390990309	-0.0022298898307233	0.0136342026831849
4	0	0	30	0	10	0	20	0	16.2962177838936	2.55045288917902	1.33623322507972	0.876119178195864	0.614088510187195	0.454050408387859	0.289112284026342	0.175263420929575	0.0453215018466595	-0.0432476348580512	-0.111699172342797
4	220	0	400	0	280	0	340	0	2.24460841567705	17.8340723966781	3.72806461407681	1.74741834276884	0.972921746597618	0.572972541650012	0.340986784369656	0.176865989842089	0.0546593145761205	-0.0356970888299166	-0.11985294662941
4	330	0	450	0	370	0	410	0	1.0375615476771	-2.87806823685083	-1.52400913346352	-0.965687899614921	-0.641708945871285	-0.429779519218818	-0.270550723603123	-0.153961189726706	-0.0421691492290382	0.0316615810277018	0.0957610486902206
4	50	0	230	0	110	0	170	0	2.3447261676252	11.4009805098459	0.663844501113997	-0.433616159683678	-0.525436318387326	-0.423508512279085	-0.332781006986974	-0.171457287333717	-0.0623011552210386	-0.100778480029313	0.135660661365345
4	230	0	410	0	290	0	350	0	2.35402439962289	17.4463997862012	3.88122046413278	1.91107408233579	1.10534575026529	0.673457079134829	0.402361909210015	0.211106041322722	0.0690560611997309	-0.0445173218476128	-0.14745701172921
4	260	0	440	0	320	0	380	0	2.3385419943515	13.1248748774009	2.59464832058853	1.22283959957829	0.692758962737953	0.410384882056856	0.248131227753392	0.129435898564061	0.0441966185916809	-0.0293766025582692	-0.0890715301539433
4	0	0	240	0	80	0	160	0	0.545792747135147	1.14232736049875	-2.74789099320689	-2.34690276829979	-1.816374672234	-1.29207160430171	-0.872722161958856	-0.517785195596547	-0.20481921723782	0.0691226351748879	0.336438407221372
4	200	0	410	0	270	0	340	0	1.43485107850215	10.4843094253674	0.650656042020255	-0.195085230809778	-0.337254321595612	-0.304521902109266	-0.228639460787229	-0.137761292540591	-0.0602870889620894	0.0256433516039365	0.0907283389530499
4	90	0	270	0	150	0	210	0	2.7394714847204	11.3288904821967	1.70750282320615	0.476524514100243	0.14709448757499	0.0881289458239697	0.111689746863066	0.0233660943715857	-0.0982454947074806	-0.0303007782182974	0.019844138845564
4	270	0	450	0	330	0	390	0	1.78926502484079	8.03387319375582	0.872667996488964	0.239771244112213	0.073547340634812	0.0229026095503551	0.00852197406517956	0.00659282696350661	-0.000336063444683057	0.00101121698214862	-0.00534323483337551
4	280	0	460	0	340	0	400	0	1.46372877524344	0.57273610447544	-2.224107026387	-1.70060690362961	-1.23906508334047	-0.862863837210644	-0.565210584391307	-0.311660606379154	-0.101605133574441	0.061227601713909	0.206385633814587
4	120	0	300	0	180	0	240	0	2.33706591247551	14.5542163936964	2.74382414424954	1.18071281716877	0.604717540687007	0.336903601636392	0.181337367641193	0.0864455688109679	0.0246518779688691	-0.0202262690024399	-0.0621602806298418
4	130	0	310	0	190	0	250	0	2.56758765251371	15.8940809279935	3.15081106391966	1.44492550137815	0.783251322065823	0.45056844588383	0.259659701086334	0.1306513456879	0.0453624569338294	-0.0256522761569885	-0.0873041120250446
4	140	0	320	0	200	0	260	0	2.57895007780979	12.4903517637304	1.53385260156379	0.474027885599317	0.113777045608281	0.0911583851409747	-0.0846838971611359	-0.204295074655191	-0.0113202415792925	-0.000298459432205249	-0.0521376503455181
4	160	0	340	0	220	0	280	0	2.34018841042723	5.4068614498976	-1.7425118025033	-1.71919407629249	-1.36015315175522	-1.0032598382715	-0.651513592620066	-0.383608162846859	-0.140706204780936	0.065662369720462	0.237897126080208
4	170	0	350	0	230	0	290	0	2.40242800610571	7.1433648255338	-1.37226435178386	-1.6443062693889	-1.36887248128953	-1.02407753669272	-0.719292067741978	-0.421323904799252	-0.154746038331061	0.0701432346768714	0.272910240085659
4	30	0	150	0	70	0	110	0	1.84124413762058	-1.57704356043087	-1.46281000851879	-1.1212984552447	-0.79809041057924	-0.557084525116211	-0.378890400495579	-0.210498231740605	-0.0788177136542487	0.0446533429925235	0.138782031209087
4	0	0	150	0	50	0	100	0	1.17073623480051	0.107280897016203	-0.554611195325595	-0.441713027565142	-0.326669196726926	-0.221461209272729	-0.144557173434248	-0.0749447387835584	-0.0210613644589928	0.0171498525045726	0.0501259875028425
4	150	0	300	0	200	0	250	0	5.81228276416316	19.4124811383073	4.72652400204098	2.38910226424717	1.40184023297352	0.889291390959689	0.51380685743543	0.256428611989595	0.0790227055193333	-0.0582880773227671	-0.233079084425942
4	160	0	310	0	210	0	260	0	5.81065778912545	18.707911547277	4.25129195044124	2.08026090581649	1.14996815179551	0.716918859098884	0.403807240018659	0.175975824409627	0.0813776473682813	-0.0771411445844706	-0.140353998391103
4	310	0	460	0	360	0	410	0	1.01040419151161	-4.07637594965902	-2.64077735488167	-1.75001221614474	-1.18711179050165	-0.793638929302516	-0.501633213396728	-0.274815702781366	-0.0930684212771324	0.0632933501030811	0.180116180741077
4	0	0	180	0	60	0	120	0	0.648232235356382	-0.205227109406926	-1.46031917235272	-1.15532638037441	-0.859450452632119	-0.613842066185122	-0.40374687553008	-0.236050241902076	-0.0986110272603774	0.0347762477207988	0.153262367791234
4	30	0	180	0	80	0	130	0	1.32957983217859	4.7804995598104	0.240067805579383	-0.277301059463819	-0.307476232929479	-0.260091067887511	-0.207631163261334	-0.0957323198583833	-0.0405808406461384	0.0247201177346065	0.0718062189336933
4	170	0	320	0	220	0	270	0	6.44710128078346	15.7163883228773	3.63345050543964	1.76657667692769	1.0461621921964	0.644188301990756	0.408213119422072	0.191589906619527	0.0626817761971117	-0.0809577206607975	-0.182064655029969
4	40	0	190	0	90	0	140	0	1.51371410456944	5.58961254676661	-0.145223180515655	-0.530239202186063	-0.50165746058355	-0.39622671598269	-0.279926213022612	-0.162726707491396	-0.0631992035495954	0.0263826915291387	0.104705050909986
4	50	0	200	0	100	0	150	0	2.33889254419012	9.62065332692764	1.11542395471116	0.186190688340085	-0.0400048018221311	-0.103445583429254	-0.095296747491809	-0.0542678332061471	-0.0216688470771745	-0.00203861211923021	0.0365625596238279
4	200	0	350	0	250	0	300	0	3.93335091941776	7.88125384663962	-0.325899588458338	-0.792260270531343	-0.716910530421503	-0.643779516048501	-0.396734538158044	-0.371391462729844	-0.129466621154887	0.0960737842103199	0.163572648636351
4	60	0	210	0	110	0	160	0	3.25149319869498	11.8813810172181	1.63241273218383	0.457257112970986	0.158443393522045	-0.0621216428166265	-0.0559605779549212	-0.131082771171757	0.000796399517986472	-0.0879813810560041	0.00509858111098526
4	380	0	440	0	400	0	420	0	5.49547222577525	-5.74356158794802	-3.18731390442651	-2.03010299559924	-1.37200338284155	-0.917373682087095	-0.618738115545759	-0.353733699568634	-0.162676176437442	0.0603217935035699	0.222753295572056
4	40	0	370	0	150	0	260	0	0.249128744190112	-4.51785120036712	-0.979723378307403	-0.448745286053274	-0.212097924066572	-0.110496460303581	-0.0664513494404964	-0.025151872918123	0.00102500377675828	0.000338261962641782	0.0223835453199298
4	20	0	170	0	70	0	120	0	1.06880978348625	0.294156148465258	-1.41041947655722	-1.16794081725036	-0.879795032045201	-0.626106602509006	-0.414238896378001	-0.239009954737428	-0.0749195536503495	0.0485432211014203	0.14168886509006
4	240	0	390	0	290	0	340	0	4.07887454946258	19.9121390643024	5.21365171929922	2.74197988555865	1.65829203254806	1.06380875362193	0.592741731888503	0.330008525616232	0.0641450692564889	-0.10052353242741	-0.233557566399559
4	100	0	250	0	150	0	200	0	4.1400688262557	9.25766274560106	0.802260913124568	0.0125475843772088	-0.192851066444416	-0.225096781294394	-0.213901300193874	-0.142132883894788	-0.0636341414624917	-0.024140698211073	0.0150468211250972
4	320	0	440	0	360	0	400	0	1.42274604412958	-4.81504793485526	-2.75727757043672	-1.77759093219969	-1.19484315625773	-0.79422363873616	-0.501834862493988	-0.270466578296711	-0.0909662099480907	0.0550553734591517	0.183980533183552
4	280	0	400	0	320	0	360	0	8.31207826669486	16.9964913533713	5.24791820484986	3.04654873015743	1.95475747101552	1.2515532796007	0.814050515409714	0.429240223569285	0.147246391969404	-0.0845765322580881	-0.286953744347728
4	130	0	280	0	180	0	230	0	4.65566273832248	17.6682794798569	4.35654619187437	2.4299383315356	1.44426332638128	0.912156435020868	0.49085584561034	0.316529159218494	0.0487669638989108	-0.129624793048939	-0.234790402053841
4	80	0	470	0	210	0	340	0	0.147512046707616	-0.564793215119077	-0.509332495679903	-0.365794618466301	-0.250237995010234	-0.163738037404275	-0.133278859229462	-0.0606247630371279	-0.0310856562788615	0.0145634066649089	0.0379397084541507
4	350	0	470	0	390	0	430	0	0.865361874447501	-1.91828149788922	-0.841346205070666	-0.714448238677121	-0.494730469555433	-0.32066050704931	-0.214722927607641	-0.140826704016033	-0.0269789148489294	0.0298174601518232	0.0810622252327486
4	280	0	430	0	330	0	380	0	3.54413433349689	7.70507794610018	0.583778483559117	-0.010076461341063	-0.0644954978729826	-0.212314919008253	-0.109716210935233	-0.12027118855947	-0.0123753442686439	0.0290743519754393	-0.0285866679631019
4	0	0	420	0	140	0	280	0	0.094126923028828	-2.98149871392652	0.343036577702721	0.39746861276422	0.315040062499064	0.237143044372745	0.165939390230963	0.113963567411738	-0.0275204085692093	-0.0292752146586411	0.0162808377275815
4	290	0	440	0	340	0	390	0	2.41928731995422	-1.36130351649439	-2.85562197644419	-2.08063100994711	-1.48368552505117	-1.023177362007	-0.658678989980908	-0.36832253612431	-0.129202130011694	0.0725637298570929	0.245478718512228
4	10	0	130	0	50	0	90	0	1.84795925529566	-0.570054826996866	-0.622784546918862	-0.463677146611017	-0.35316961268165	-0.266846138571394	-0.174306701896924	-0.0978916884108842	-0.0223882121030094	0.0261193439382762	0.0555618681545023
4	250	0	370	0	290	0	330	0	9.65860876941323	22.8730988659531	7.5413205058885	4.38575121007973	2.84836845297278	1.81311740965847	1.08923329511575	0.632096549458428	0.207292818211383	-0.129080118623276	-0.423500969260551
4	260	0	380	0	300	0	340	0	7.6444665482962	23.1591273818101	7.53696314989856	4.43416990370147	2.84064890178465	1.84138151944897	1.16863131098912	0.613310092364563	0.190733135859231	-0.153449282831774	-0.425624511541166
4	270	0	390	0	310	0	350	0	6.94634629116529	22.8094394139173	7.45168931858998	4.37448260319549	2.85718616707688	1.87576171866883	1.16956629371252	0.640317633143941	0.221640585032871	-0.168063933126451	-0.464352408906223
4	10	0	160	0	60	0	110	0	1.11504003370211	-2.73861400307359	-1.61502222771985	-1.07692416054385	-0.748847284305372	-0.523079670300031	-0.347617453108024	-0.204801680234178	-0.0739690728041972	0.0417992276398476	0.140454816748464
4	40	0	160	0	80	0	120	0	1.8208590791069	-2.41063099633724	-1.98605556275807	-1.41333215646933	-1.00520425235172	-0.698923506358354	-0.452359783443386	-0.260014894539827	-0.0964884604983989	0.0531618404892522	0.163953742510655
4	170	0	290	0	210	0	250	0	16.1457834106743	22.0068261954949	6.6962445852972	3.7909229719473	2.38813665520573	1.53850856776868	0.963879043702258	0.509316783963951	0.179112399391065	-0.117117016151164	-0.353179503182825
4	180	0	300	0	220	0	260	0	13.6172460746972	20.263463898141	5.67271656057263	3.09445222198023	1.90758918901607	1.203971362019	0.747447260811664	0.376965167144412	0.138763077803262	-0.103246526350227	-0.269038408699625
4	300	0	420	0	340	0	380	0	4.31596435923401	-2.92176852539452	-3.08694861792821	-2.16877008423761	-1.44616536538411	-0.985743997703818	-0.634480108072112	-0.328845218001081	-0.115642063374369	0.0630825867611527	0.18121309921648
4	70	0	190	0	110	0	150	0	3.96322185358242	10.430970617886	1.98915828241687	0.769606388895989	0.386944965689567	0.194072937439884	0.151619099873968	0.0755146603654015	0.0519051598874476	-0.0280690988445511	-0.138833658354088
4	80	0	200	0	120	0	160	0	5.71900008919758	12.8254925027216	2.71989038025268	1.26079711500693	0.701950517512917	0.378379306683934	0.241589073409634	0.0747943084712482	-0.00453337154222994	-0.056735183446195	-0.0506994172862293
4	90	0	180	0	120	0	150	0	9.72208956306834	12.861682135144	3.74379709319221	2.02883741255651	1.27266456001024	0.798171279541671	0.473462667975696	0.250923544351675	0.0996775209956073	-0.0540730650938388	-0.179655528830894
4	200	0	320	0	240	0	280	0	14.0514477440663	15.5791038963022	4.15554045843705	2.19491063314739	1.33552338211713	0.81505219184877	0.504383348071599	0.269220646685251	0.0956373682231496	-0.073871347775858	-0.199063667144913
4	90	0	210	0	130	0	170	0	8.85033390629178	15.8526340286588	3.76552945505503	1.89976818023221	1.10136323541136	0.674775660476637	0.409163003111785	0.217589606064275	0.0549629578131471	-0.0736830893811302	-0.155885328069365
4	100	0	220	0	140	0	180	0	8.76785803472625	12.2128169128439	2.18966885564909	0.882690039850577	0.38709582956567	0.202127465024954	0.0912682062388661	0.0542221452241998	0.00699948443602444	-0.0449287884302294	-0.061416388932061
4	230	0	350	0	270	0	310	0	8.96546864222665	14.4937917308876	4.0091634883978	2.14872969249758	1.32147558181299	0.80683403768855	0.478511549990013	0.236983251213003	0.0763786859997338	-0.0371415343976707	-0.208610756878111
0
0
0
0
0
0
0
0
