Project7 Wenner_1
10.00
11
1
Type of measurement (0=app.resistivity,1=resistance)
1
360
2
11
Chargeability
mV/V
10 0.01 0.10 0.10 0.10 0.10 0.10 0.10 0.10 0.10 0.10 0.10 1.10 0.50
4 0.00 0.00 30.00 0.00 10.00 0.00 20.00 0.00 66.3531 11.2603 5.99074 3.99241 2.76635 1.90438 1.22277 0.689791 0.242317 -0.134187 -0.457268
4 10.00 0.00 40.00 0.00 20.00 0.00 30.00 0.00 82.437 12.183 6.42069 4.27749 2.96135 2.03794 1.32157 0.747931 0.263839 -0.133791 -0.487386
4 0.00 0.00 60.00 0.00 20.00 0.00 40.00 0.00 34.6261 7.94021 3.70703 2.4075 1.65146 1.11814 0.719526 0.396165 0.142762 -0.0786291 -0.269823
4 20.00 0.00 50.00 0.00 30.00 0.00 40.00 0.00 96.6252 16.7703 8.86313 5.89342 4.07737 2.79029 1.80781 1.01647 0.363287 -0.186001 -0.669659
4 10.00 0.00 70.00 0.00 30.00 0.00 50.00 0.00 45.2437 9.74999 4.74502 3.12483 2.16394 1.49698 0.981874 0.544054 0.192752 -0.105065 -0.364487
4 30.00 0.00 60.00 0.00 40.00 0.00 50.00 0.00 83.7866 14.2624 7.52602 5.0254 3.48206 2.39108 1.55649 0.871073 0.312134 -0.164252 -0.588138
4 0.00 0.00 90.00 0.00 30.00 0.00 60.00 0.00 20.2953 5.49148 2.0897 1.3032 0.874531 0.592725 0.38243 0.195232 0.0736707 -0.0477718 -0.149683
4 20.00 0.00 80.00 0.00 40.00 0.00 60.00 0.00 43.2883 8.85865 4.22435 2.7674 1.90707 1.30073 0.837993 0.480889 0.172251 -0.0876574 -0.324937
4 40.00 0.00 70.00 0.00 50.00 0.00 60.00 0.00 105.373 18.1521 9.39928 6.20373 4.26914 2.91415 1.87637 1.05348 0.374442 -0.200152 -0.693826
4 10.00 0.00 100.00 0.00 40.00 0.00 70.00 0.00 16.8541 5.41811 1.85757 1.13439 0.739913 0.489533 0.325011 0.179147 0.0529683 -0.0424119 -0.135615
4 30.00 0.00 90.00 0.00 50.00 0.00 70.00 0.00 36.9 10.8229 5.02387 3.22723 2.18957 1.48107 0.978023 0.538061 0.172807 -0.107027 -0.350111
4 0.00 0.00 120.00 0.00 40.00 0.00 80.00 0.00 14.2139 6.64283 2.44235 1.50346 0.976466 0.64957 0.411919 0.228822 0.0975254 -0.0250546 -0.173957
4 20.00 0.00 110.00 0.00 50.00 0.00 80.00 0.00 24.1569 6.70562 2.65667 1.56847 1.0017 0.723691 0.502488 0.270088 0.0768886 -0.0913049 -0.207632
4 50.00 0.00 80.00 0.00 60.00 0.00 70.00 0.00 58.5727 18.7781 9.84918 6.54497 4.52509 3.08636 1.99017 1.12319 0.410985 -0.209666 -0.747199
4 40.00 0.00 100.00 0.00 60.00 0.00 80.00 0.00 43.2949 11.7077 5.46065 3.54589 2.41532 1.64509 1.05311 0.586891 0.201615 -0.120562 -0.389796
4 10.00 0.00 130.00 0.00 50.00 0.00 90.00 0.00 14.4905 5.50283 1.99007 1.23583 0.795657 0.551967 0.37309 0.29385 0.0806407 -0.0708691 -0.162401
4 60.00 0.00 90.00 0.00 70.00 0.00 80.00 0.00 119.076 17.9484 9.30298 6.13288 4.21126 2.86782 1.85439 1.04167 0.373559 -0.187507 -0.67852
4 30.00 0.00 120.00 0.00 60.00 0.00 90.00 0.00 29.9677 9.62064 4.24088 2.74572 1.88908 1.29273 0.832094 0.467836 0.173614 -0.098008 -0.317763
4 0.00 0.00 150.00 0.00 50.00 0.00 100.00 0.00 6.97471 3.38397 1.07346 0.641522 0.422928 0.307954 0.176209 0.0864437 0.0432942 -0.0400263 -0.0793918
4 20.00 0.00 140.00 0.00 60.00 0.00 100.00 0.00 13.3292 4.47037 1.47794 0.914246 0.631039 0.418346 0.291986 0.145817 0.0335499 -0.0281594 -0.101596
4 50.00 0.00 110.00 0.00 70.00 0.00 90.00 0.00 62.1712 12.4877 6.14685 4.05718 2.76419 1.89591 1.24325 0.701511 0.248484 -0.123003 -0.458249
4 70.00 0.00 100.00 0.00 80.00 0.00 90.00 0.00 81.5639 17.5381 9.36214 6.28379 4.37791 3.01694 1.96449 1.11816 0.415062 -0.193786 -0.723628
4 40.00 0.00 130.00 0.00 70.00 0.00 100.00 0.00 37.3323 9.6259 4.30384 2.77834 1.88636 1.301 0.839628 0.468806 0.160521 -0.091255 -0.302955
4 10.00 0.00 160.00 0.00 60.00 0.00 110.00 0.00 6.06913 2.68679 0.664911 0.443769 0.240697 0.18366 0.159551 0.110545 0.016832 -0.0230718 -0.0554799
4 60.00 0.00 120.00 0.00 80.00 0.00 100.00 0.00 68.1507 15.8482 8.01384 5.30864 3.66188 2.50724 1.62379 0.914135 0.325429 -0.167527 -0.595684
4 30.00 0.00 150.00 0.00 70.00 0.00 110.00 0.00 14.3503 1.90141 -0.00178101 -0.0723075 -0.0253265 -0.034067 -0.0596822 -0.0458353 -0.00746735 0.0119166 -0.0171263
4 0.00 0.00 180.00 0.00 60.00 0.00 120.00 0.00 3.40489 7.50958 3.53123 2.35767 1.61255 1.05809 0.763322 0.480974 0.131224 -0.12685 -0.358739
4 80.00 0.00 110.00 0.00 90.00 0.00 100.00 0.00 112.914 20.4447 10.7119 7.07059 4.85801 3.3276 2.14866 1.21109 0.414479 -0.226601 -0.786684
4 50.00 0.00 140.00 0.00 80.00 0.00 110.00 0.00 28.0822 7.19035 3.11472 2.03811 1.41926 0.969015 0.62825 0.354255 0.132428 -0.0632921 -0.235482
4 20.00 0.00 170.00 0.00 70.00 0.00 120.00 0.00 6.23188 1.97604 0.187166 0.105176 0.0446687 0.0906997 0.0498231 0.00796378 0.0179044 -0.0168406 -0.0713119
4 70.00 0.00 130.00 0.00 90.00 0.00 110.00 0.00 50.782 13.8751 6.79505 4.48548 3.08903 2.12301 1.37283 0.78338 0.281394 -0.142624 -0.515094
4 10.00 0.00 190.00 0.00 70.00 0.00 130.00 0.00 3.95048 3.25856 3.03614 2.14649 1.50635 1.04428 0.690844 0.394577 0.144062 -0.072142 -0.256891
4 40.00 0.00 160.00 0.00 80.00 0.00 120.00 0.00 13.1013 3.531 0.782642 0.426498 0.273527 0.171108 0.0930027 0.0838215 0.0166663 -0.0197848 -0.079286
4 90.00 0.00 120.00 0.00 100.00 0.00 110.00 0.00 85.0784 20.046 10.5712 7.07192 4.91124 3.37507 2.19177 1.24001 0.440971 -0.220652 -0.807306
4 60.00 0.00 150.00 0.00 90.00 0.00 120.00 0.00 23.6926 6.06771 2.35122 1.46341 0.97794 0.645893 0.392332 0.227588 0.0771291 -0.0561366 -0.155534
4 0.00 0.00 210.00 0.00 70.00 0.00 140.00 0.00 3.13661 11.0283 5.27361 3.53802 2.54553 1.8015 1.10884 0.662837 0.22254 -0.149642 -0.467648
4 30.00 0.00 180.00 0.00 80.00 0.00 130.00 0.00 6.12736 3.24787 0.463861 0.160786 0.0867351 0.091152 -0.00553394 0.0626586 -0.0405129 -0.0272679 -0.0614938
4 80.00 0.00 140.00 0.00 100.00 0.00 120.00 0.00 42.3902 13.0334 6.27544 4.10176 2.80875 1.92999 1.24698 0.702398 0.254798 -0.13301 -0.469132
4 20.00 0.00 200.00 0.00 80.00 0.00 140.00 0.00 3.98302 6.64334 2.7639 1.82016 1.20521 0.885324 0.589617 0.328096 0.08357 -0.0658774 -0.210442
4 50.00 0.00 170.00 0.00 90.00 0.00 130.00 0.00 11.2088 2.93051 0.502659 0.243487 0.176425 0.123026 0.0688162 0.016215 -0.0170372 -0.0321344 -0.0306643
4 100.00 0.00 130.00 0.00 110.00 0.00 120.00 0.00 95.3228 20.6811 10.832 7.16539 4.94006 3.37247 2.1795 1.23128 0.429497 -0.225525 -0.813961
4 70.00 0.00 160.00 0.00 100.00 0.00 130.00 0.00 18.6586 6.02074 2.10591 1.26583 0.825991 0.553479 0.34245 0.189003 0.0768236 -0.0356887 -0.133522
4 10.00 0.00 220.00 0.00 80.00 0.00 150.00 0.00 3.01284 2.30952 4.41346 3.23107 2.30811 1.61253 1.06 0.606135 0.221382 -0.107467 -0.400075
4 40.00 0.00 190.00 0.00 90.00 0.00 140.00 0.00 6.67402 4.72059 1.00348 0.488092 0.32535 0.234564 0.156795 0.115077 0.00892043 -0.0366007 -0.048201
4 90.00 0.00 150.00 0.00 110.00 0.00 130.00 0.00 48.4701 11.9121 5.80869 3.78832 2.58808 1.77475 1.13504 0.63409 0.22942 -0.123569 -0.428433
4 60.00 0.00 180.00 0.00 100.00 0.00 140.00 0.00 11.1606 4.84356 1.32824 0.779206 0.489643 0.321106 0.200822 0.105805 0.0443955 -0.0335831 -0.0956638
4 30.00 0.00 210.00 0.00 90.00 0.00 150.00 0.00 4.20693 6.82748 2.25754 1.40369 0.855688 0.546721 0.358213 0.232334 0.112819 -0.142539 -0.245838
4 0.00 0.00 240.00 0.00 80.00 0.00 160.00 0.00 2.43085 8.20476 5.78397 4.09986 2.93824 2.06262 1.36308 0.781207 0.293653 -0.144759 -0.533721
4 110.00 0.00 140.00 0.00 120.00 0.00 130.00 0.00 112 20.0693 10.4015 6.85495 4.70284 3.22172 2.09145 1.17143 0.42782 -0.223419 -0.781391
4 80.00 0.00 170.00 0.00 110.00 0.00 140.00 0.00 22.5243 7.12411 2.834 1.76008 1.21123 0.804387 0.512044 0.285712 0.0794369 -0.0711139 -0.177619
4 20.00 0.00 230.00 0.00 90.00 0.00 160.00 0.00 2.93187 8.82327 3.7801 2.5262 1.79281 1.32195 0.972092 0.555684 0.107513 -0.0889335 -0.39925
4 50.00 0.00 200.00 0.00 100.00 0.00 150.00 0.00 7.00912 4.79022 1.38188 0.866447 0.551383 0.380528 0.203817 0.128235 0.0360753 -0.0598553 -0.103726
4 100.00 0.00 160.00 0.00 120.00 0.00 140.00 0.00 57.4055 15.3282 7.61489 4.99953 3.43873 2.34012 1.51713 0.843801 0.294048 -0.158742 -0.558241
4 40.00 0.00 220.00 0.00 100.00 0.00 160.00 0.00 4.61465 6.0379 1.59806 1.01064 0.620697 0.42719 0.236202 0.0924288 -0.00244328 -0.0405833 -0.13244
4 10.00 0.00 250.00 0.00 90.00 0.00 170.00 0.00 2.33573 0.354529 4.65726 3.51712 2.52391 1.75922 1.15787 0.670153 0.245607 -0.119159 -0.440318
4 70.00 0.00 190.00 0.00 110.00 0.00 150.00 0.00 10.6406 6.07487 1.94369 1.16306 0.760053 0.507471 0.308061 0.180413 0.0719631 -0.0414498 -0.127187
4 120.00 0.00 150.00 0.00 130.00 0.00 140.00 0.00 104.183 17.9163 9.38674 6.2314 4.31424 2.95295 1.91282 1.07892 0.388783 -0.206184 -0.712478
4 0.00 0.00 270.00 0.00 90.00 0.00 180.00 0.00 1.98576 23.774 7.52814 4.60356 3.17353 2.17137 1.41074 0.801333 0.29773 -0.150066 -0.533523
4 30.00 0.00 240.00 0.00 100.00 0.00 170.00 0.00 3.08986 -6.11196 1.70568 1.50696 1.10557 0.785428 0.525195 0.311426 0.105329 -0.0546617 -0.197024
4 60.00 0.00 210.00 0.00 110.00 0.00 160.00 0.00 7.76543 5.40059 1.41779 0.832651 0.529539 0.329628 0.190325 0.122883 0.0240963 -0.0437134 -0.091158
4 90.00 0.00 180.00 0.00 120.00 0.00 150.00 0.00 25.5228 10.5886 4.75773 3.07672 2.11927 1.45744 0.939285 0.52351 0.173136 -0.102922 -0.347372
4 110.00 0.00 170.00 0.00 130.00 0.00 150.00 0.00 47.5614 12.8287 6.18569 4.08815 2.80298 1.94695 1.24452 0.703577 0.272378 -0.125172 -0.481849
4 20.00 0.00 260.00 0.00 100.00 0.00 180.00 0.00 2.31736 1.39893 3.84044 2.85342 2.04845 1.43331 0.944732 0.547582 0.203181 -0.093155 -0.357593
4 50.00 0.00 230.00 0.00 110.00 0.00 170.00 0.00 5.05661 4.56476 1.20345 0.801863 0.52619 0.363022 0.185075 0.0702706 -0.0130892 0.0040229 -0.0485238
4 80.00 0.00 200.00 0.00 120.00 0.00 160.00 0.00 13.6229 7.71548 2.7568 1.71808 1.15787 0.7633 0.47048 0.258279 0.0963846 -0.0605087 -0.192306
4 130.00 0.00 160.00 0.00 140.00 0.00 150.00 0.00 86.6192 16.5028 8.81571 5.88472 4.05642 2.74167 1.72046 0.871284 0.165445 -0.454657 -1.01489
4 70.00 0.00 220.00 0.00 120.00 0.00 170.00 0.00 7.18529 5.50324 1.42944 0.824159 0.520855 0.352019 0.215026 0.114722 0.0265064 -0.0284655 -0.0955123
4 10.00 0.00 280.00 0.00 100.00 0.00 190.00 0.00 1.87303 35.1706 7.84903 4.39836 2.92705 1.9936 1.33227 0.762449 0.282282 -0.140255 -0.506624
4 100.00 0.00 190.00 0.00 130.00 0.00 160.00 0.00 25.258 10.6539 4.87651 3.18423 2.1954 1.50067 0.974737 0.556594 0.209265 -0.0971528 -0.373975
4 40.00 0.00 250.00 0.00 110.00 0.00 180.00 0.00 3.52235 -6.87329 1.09417 1.02116 0.749326 0.534972 0.354017 0.1995 0.0767576 -0.0417985 -0.131349
4 120.00 0.00 180.00 0.00 140.00 0.00 160.00 0.00 32.4162 9.72562 4.66102 3.04452 2.07296 1.42356 0.917157 0.50617 0.176239 -0.0951672 -0.338337
4 0.00 0.00 300.00 0.00 100.00 0.00 200.00 0.00 1.55577 7.86512 6.18958 4.41449 3.1387 2.18437 1.43162 0.822272 0.30098 -0.150531 -0.542262
4 30.00 0.00 270.00 0.00 110.00 0.00 190.00 0.00 2.45717 5.96508 2.97643 2.05722 1.45318 1.01168 0.679019 0.392729 0.154828 -0.0675651 -0.255687
4 60.00 0.00 240.00 0.00 120.00 0.00 180.00 0.00 5.47094 4.69747 1.09639 0.649034 0.416476 0.283503 0.171373 0.107183 0.0668471 -0.0562833 -0.109125
4 90.00 0.00 210.00 0.00 130.00 0.00 170.00 0.00 13.0741 6.42215 2.37974 1.53927 1.03247 0.710565 0.459004 0.257379 0.0870279 -0.058211 -0.164827
4 140.00 0.00 170.00 0.00 150.00 0.00 160.00 0.00 74.3541 10.8107 5.73364 3.81562 2.64226 1.81967 1.17814 0.658519 0.234457 -0.124092 -0.432603
4 110.00 0.00 200.00 0.00 140.00 0.00 170.00 0.00 18.6219 7.89075 3.36995 2.21694 1.55328 1.06094 0.654848 0.33152 0.0276166 -0.182872 -0.389994
4 20.00 0.00 290.00 0.00 110.00 0.00 200.00 0.00 1.85085 -0.350207 4.02557 3.08025 2.21584 1.55351 1.02324 0.590421 0.209759 -0.10381 -0.384791
4 80.00 0.00 230.00 0.00 130.00 0.00 180.00 0.00 7.6071 4.58617 0.956353 0.544253 0.347154 0.213006 0.121471 0.0880448 0.00918815 -0.0350675 -0.0489482
4 50.00 0.00 260.00 0.00 120.00 0.00 190.00 0.00 3.6907 -0.22683 0.943346 0.716181 0.515809 0.360869 0.235765 0.141696 0.0545641 -0.0244422 -0.0870214
4 130.00 0.00 190.00 0.00 150.00 0.00 170.00 0.00 29.0109 5.44703 2.34459 1.46843 0.973186 0.670147 0.438404 0.238806 0.0706284 -0.0593285 -0.154944
4 10.00 0.00 310.00 0.00 110.00 0.00 210.00 0.00 1.52035 -3.79128 4.97608 4.02065 2.9314 2.06371 1.36124 0.782327 0.289739 -0.134343 -0.51778
4 70.00 0.00 250.00 0.00 130.00 0.00 190.00 0.00 4.30865 3.69182 0.72906 0.305115 0.221552 0.194008 0.0482493 -0.0142885 0.0327132 -0.0392347 -0.0823642
4 40.00 0.00 280.00 0.00 120.00 0.00 200.00 0.00 2.66229 0.169211 1.83727 1.42496 1.03015 0.72267 0.473374 0.270169 0.102336 -0.0462274 -0.172651
4 100.00 0.00 220.00 0.00 140.00 0.00 180.00 0.00 11.5105 5.61366 2.25187 1.43738 0.972232 0.666964 0.414603 0.212654 0.0388109 -0.113823 -0.246935
4 150.00 0.00 180.00 0.00 160.00 0.00 170.00 0.00 55.7374 8.65602 4.44761 2.93232 2.02416 1.38693 0.886677 0.496675 0.165965 -0.0967775 -0.320951
4 0.00 0.00 330.00 0.00 110.00 0.00 220.00 0.00 1.35255 10.5522 9.06169 6.45808 4.48555 2.99668 1.87842 1.03124 0.411018 -0.0863601 -0.446069
4 60.00 0.00 270.00 0.00 130.00 0.00 200.00 0.00 3.42035 6.75027 1.0385 0.51567 0.348608 0.250611 0.178182 0.0991917 0.0412964 -0.0128655 -0.0712568
4 30.00 0.00 300.00 0.00 120.00 0.00 210.00 0.00 1.90039 -12.1763 2.20328 2.23199 1.68298 1.19032 0.783044 0.466566 0.169765 -0.0836371 -0.304647
4 120.00 0.00 210.00 0.00 150.00 0.00 180.00 0.00 15.7128 4.20208 1.4291 0.834297 0.532187 0.340215 0.19352 0.106669 0.0698817 -0.0357213 -0.0976869
4 90.00 0.00 240.00 0.00 140.00 0.00 190.00 0.00 6.3968 2.91348 0.56679 0.254526 0.142233 0.12856 0.0330336 0.000604993 0.0337183 0.00983644 -0.0568093
4 140.00 0.00 200.00 0.00 160.00 0.00 180.00 0.00 25.3749 4.26938 1.91828 1.22874 0.829012 0.557261 0.345974 0.200265 0.0544726 -0.0438778 -0.122975
4 20.00 0.00 320.00 0.00 120.00 0.00 220.00 0.00 1.49931 -0.294747 4.48662 3.4881 2.53186 1.77404 1.17186 0.667452 0.253544 -0.120674 -0.447163
4 110.00 0.00 230.00 0.00 150.00 0.00 190.00 0.00 9.26802 -8.10327 0.0421959 0.145996 0.0995453 0.0747615 0.0393429 0.0118345 0.002897 -0.00290743 -0.00925906
4 50.00 0.00 290.00 0.00 130.00 0.00 210.00 0.00 2.44263 -2.02627 1.23916 1.04301 0.773937 0.558418 0.374835 0.224107 0.085874 -0.0298129 -0.145874
4 80.00 0.00 260.00 0.00 140.00 0.00 200.00 0.00 4.07604 -5.34135 -0.137956 0.0955561 0.0970114 0.0757804 0.0537123 0.036028 0.0137665 -0.00660924 -0.0189821
4 160.00 0.00 190.00 0.00 170.00 0.00 180.00 0.00 61.574 8.09418 4.49636 3.04057 2.11673 1.46608 0.947054 0.533154 0.19661 -0.095558 -0.357826
4 130.00 0.00 220.00 0.00 160.00 0.00 190.00 0.00 12.5396 3.02094 0.717011 0.392231 0.232196 0.145775 0.0642986 0.0148956 0.0126134 -0.0106505 -0.0546138
4 40.00 0.00 310.00 0.00 130.00 0.00 220.00 0.00 1.82587 -14.6356 1.67908 1.91295 1.45124 1.04501 0.703968 0.410119 0.151343 -0.0698847 -0.279633
4 10.00 0.00 340.00 0.00 120.00 0.00 230.00 0.00 1.29288 11.3557 6.28432 4.35953 3.08411 2.13517 1.41224 0.796078 0.280374 -0.128349 -0.529232
4 70.00 0.00 280.00 0.00 140.00 0.00 210.00 0.00 2.66573 -3.40074 0.980575 0.87916 0.681453 0.48556 0.324998 0.185173 0.0701062 -0.0198055 -0.126221
4 100.00 0.00 250.00 0.00 150.00 0.00 200.00 0.00 5.86917 2.10341 0.152858 -0.0291664 2.6355e-05 -0.0179459 -0.053079 -0.0319809 -0.0194093 -0.0418067 -0.00549058
4 150.00 0.00 210.00 0.00 170.00 0.00 190.00 0.00 19.0435 2.63801 1.12772 0.728885 0.514506 0.347993 0.212618 0.131597 0.0569155 -0.0366895 -0.107808
4 30.00 0.00 330.00 0.00 130.00 0.00 230.00 0.00 1.45219 -17.411 2.50461 2.80958 2.12981 1.54251 1.02716 0.596692 0.218531 -0.100515 -0.38466
4 0.00 0.00 360.00 0.00 120.00 0.00 240.00 0.00 1.17585 3.92505 6.03973 4.62177 3.34326 2.3374 1.54424 0.886814 0.330075 -0.156794 -0.583874
4 120.00 0.00 240.00 0.00 160.00 0.00 200.00 0.00 7.64797 3.33254 0.856842 0.48645 0.264326 0.11393 0.0903276 0.026694 -0.00678776 -0.0231748 -0.0210069
4 60.00 0.00 300.00 0.00 140.00 0.00 220.00 0.00 2.13209 -2.80531 1.58858 1.32195 0.969415 0.688551 0.452063 0.263212 0.0980254 -0.0497636 -0.171541
4 90.00 0.00 270.00 0.00 150.00 0.00 210.00 0.00 3.72231 3.72711 0.452276 0.169288 0.112039 0.0849091 0.0507912 0.0227541 0.0115129 0.00115208 -0.0242119
4 170.00 0.00 200.00 0.00 180.00 0.00 190.00 0.00 41.5992 7.0606 3.70931 2.494 1.74133 1.19908 0.777442 0.444241 0.162386 -0.0819724 -0.296409
4 140.00 0.00 230.00 0.00 170.00 0.00 200.00 0.00 9.73338 1.48722 0.338696 0.211951 0.166487 0.109896 0.0792046 0.0429168 0.00695449 -0.0379885 -0.0451868
4 50.00 0.00 320.00 0.00 140.00 0.00 230.00 0.00 1.64327 -1.59323 2.73252 2.17382 1.58912 1.12371 0.745708 0.430215 0.166889 -0.0724207 -0.282054
4 110.00 0.00 260.00 0.00 160.00 0.00 210.00 0.00 5.03286 -17.6849 0.358503 0.675821 0.481775 0.359117 0.253388 0.131267 0.071205 -0.0259372 -0.109444
4 20.00 0.00 350.00 0.00 130.00 0.00 240.00 0.00 1.22062 -4.99118 4.20852 3.64869 2.69266 1.90662 1.26786 0.73347 0.277487 -0.136266 -0.476462
4 80.00 0.00 290.00 0.00 150.00 0.00 220.00 0.00 2.54419 -8.85294 0.433897 0.629217 0.492845 0.353237 0.234424 0.140303 0.0607354 -0.0239827 -0.101801
4 160.00 0.00 220.00 0.00 180.00 0.00 200.00 0.00 14.1473 1.42191 0.429158 0.250231 0.166548 0.135211 0.0753088 0.0640806 0.00247924 -0.029479 -0.0297797
4 130.00 0.00 250.00 0.00 170.00 0.00 210.00 0.00 5.77253 3.88056 0.930949 0.513799 0.364966 0.185783 0.120267 0.0152864 0.02382 -0.035519 -0.0762912
4 100.00 0.00 280.00 0.00 160.00 0.00 220.00 0.00 3.50274 18.8981 2.78731 1.28477 0.792511 0.562916 0.362874 0.208928 0.0827204 -0.0338066 -0.140192
4 10.00 0.00 370.00 0.00 130.00 0.00 250.00 0.00 1.07597 -19.5577 3.58386 3.80495 2.95418 2.11779 1.40659 0.818639 0.308365 -0.162792 -0.539054
4 70.00 0.00 310.00 0.00 150.00 0.00 230.00 0.00 1.76698 -5.14321 2.02739 1.73626 1.27126 0.901794 0.597373 0.350289 0.131278 -0.0552082 -0.234641
4 40.00 0.00 340.00 0.00 140.00 0.00 240.00 0.00 1.37215 -3.84025 3.43215 2.87617 2.14895 1.53098 1.01377 0.592935 0.19358 -0.104649 -0.384873
4 180.00 0.00 210.00 0.00 190.00 0.00 200.00 0.00 44.8845 9.11532 4.89771 3.2852 2.28148 1.564 1.02208 0.576265 0.20967 -0.101958 -0.377943
4 150.00 0.00 240.00 0.00 180.00 0.00 210.00 0.00 7.26188 2.8685 0.953323 0.604036 0.376702 0.263268 0.188661 0.0443517 0.00795228 0.00191223 -0.075173
4 60.00 0.00 330.00 0.00 150.00 0.00 240.00 0.00 1.58574 -3.31785 2.62396 2.20209 1.61018 1.13693 0.756609 0.440155 0.159103 -0.0705524 -0.287322
4 30.00 0.00 360.00 0.00 140.00 0.00 250.00 0.00 1.15672 -24.1176 2.30903 3.15639 2.45752 1.79027 1.19819 0.695275 0.263338 -0.125392 -0.46025
4 90.00 0.00 300.00 0.00 160.00 0.00 230.00 0.00 2.33993 5.9758 2.56106 1.6228 1.19949 0.872299 0.416503 0.22089 0.0098447 -0.101838 -0.225975
4 0.00 0.00 390.00 0.00 130.00 0.00 260.00 0.00 0.961339 -32.1551 1.35331 3.59018 3.0303 2.20658 1.56028 0.993353 0.415347 -0.180659 -0.697597
4 120.00 0.00 270.00 0.00 170.00 0.00 220.00 0.00 4.03829 5.5753 2.02772 1.24425 0.855617 0.589513 0.372542 0.203057 0.0761186 -0.0411164 -0.13096
4 170.00 0.00 230.00 0.00 190.00 0.00 210.00 0.00 13.7098 3.31529 1.47845 0.967322 0.671123 0.470916 0.30354 0.182388 0.0827866 -0.0454459 -0.137719
4 50.00 0.00 350.00 0.00 150.00 0.00 250.00 0.00 1.30105 -4.6112 3.34936 2.83944 2.08615 1.46739 0.977985 0.558923 0.204849 -0.0907355 -0.358531
4 140.00 0.00 260.00 0.00 180.00 0.00 220.00 0.00 4.77357 4.68247 2.0615 1.30395 0.867728 0.598472 0.375941 0.178891 0.0580074 -0.018305 -0.161929
4 20.00 0.00 380.00 0.00 140.00 0.00 260.00 0.00 0.984687 -7.4922 4.53999 3.99098 2.96468 2.09566 1.38751 0.805419 0.294129 -0.131066 -0.524027
4 110.00 0.00 290.00 0.00 170.00 0.00 230.00 0.00 2.85606 -33.3628 0.338432 1.44096 1.13552 0.854356 0.571758 0.33043 0.113186 -0.0595917 -0.215177
4 80.00 0.00 320.00 0.00 160.00 0.00 240.00 0.00 1.78567 -10.176 2.1939 2.06758 1.54301 1.08906 0.718293 0.414587 0.162343 -0.0791405 -0.27647
4 190.00 0.00 220.00 0.00 200.00 0.00 210.00 0.00 38.0928 9.41249 5.02496 3.33917 2.30195 1.57743 1.0248 0.572493 0.20032 -0.119762 -0.380312
4 160.00 0.00 250.00 0.00 190.00 0.00 220.00 0.00 6.59046 4.01474 1.81791 1.18273 0.81264 0.557326 0.355652 0.259619 0.072279 -0.0633441 -0.192907
4 70.00 0.00 340.00 0.00 160.00 0.00 250.00 0.00 1.40298 7.65541 4.53856 3.1239 2.21672 1.54808 1.03119 0.584848 0.204691 -0.108258 -0.383525
4 10.00 0.00 400.00 0.00 140.00 0.00 270.00 0.00 0.829611 -11.9769 4.36802 4.10526 3.41189 2.97001 3.51548 0.489453 0.386474 -0.132786 0.284363
4 100.00 0.00 310.00 0.00 170.00 0.00 240.00 0.00 2.16578 1.90158 3.18869 2.3362 1.65672 1.1534 0.764716 0.434874 0.164469 -0.0758552 -0.287271
4 40.00 0.00 370.00 0.00 150.00 0.00 260.00 0.00 1.12048 -35.905 1.76463 2.9601 2.25571 1.68804 1.13562 0.658783 0.260972 -0.127023 -0.451029
4 130.00 0.00 280.00 0.00 180.00 0.00 230.00 0.00 3.39374 13.3174 3.91931 2.3705 1.58265 1.09262 0.708393 0.385041 0.141776 -0.0764967 -0.272361
4 180.00 0.00 240.00 0.00 200.00 0.00 220.00 0.00 14.1066 5.69108 2.94512 1.96899 1.3695 0.950726 0.613682 0.357196 0.125712 -0.0784851 -0.233761
4 90.00 0.00 330.00 0.00 170.00 0.00 250.00 0.00 1.71663 -4.39133 3.51182 2.83916 2.06344 1.44799 0.954272 0.550711 0.20316 -0.0909678 -0.357418
4 150.00 0.00 270.00 0.00 190.00 0.00 230.00 0.00 4.53256 6.86395 3.57572 2.35513 1.6503 1.14556 0.740347 0.415179 0.153262 -0.073089 -0.271868
4 30.00 0.00 390.00 0.00 150.00 0.00 270.00 0.00 0.955012 39.3433 8.30874 4.48839 2.99722 2.04363 1.38422 0.822606 0.311654 -0.136144 -0.517133
4 60.00 0.00 360.00 0.00 160.00 0.00 260.00 0.00 1.28171 -5.35582 3.97569 3.34622 2.45292 1.74253 1.16081 0.677059 0.254161 -0.107755 -0.437597
4 120.00 0.00 300.00 0.00 180.00 0.00 240.00 0.00 2.53274 -2.14012 3.40821 2.6292 1.87658 1.30141 0.855295 0.48888 0.182315 -0.0859799 -0.321698
4 0.00 0.00 420.00 0.00 140.00 0.00 280.00 0.00 0.722902 -8.88365 4.15185 4.11946 3.19137 2.27414 1.52395 0.893649 0.349047 -0.19271 -0.585528
4 200.00 0.00 230.00 0.00 210.00 0.00 220.00 0.00 29.2632 8.77514 4.85312 3.28022 2.38537 1.60431 1.10616 0.619156 0.228664 -0.186729 -0.409223
4 170.00 0.00 260.00 0.00 200.00 0.00 230.00 0.00 6.37076 5.29495 2.52457 1.70974 1.18075 0.837752 0.472613 0.311826 0.0777539 -0.0790758 -0.193282
4 20.00 0.00 410.00 0.00 150.00 0.00 280.00 0.00 0.762925 -10.4456 3.79179 3.70266 2.83623 2.04288 1.35695 0.778188 0.306962 -0.123021 -0.510138
4 140.00 0.00 290.00 0.00 190.00 0.00 240.00 0.00 3.39632 9.57101 4.69029 3.02962 2.09293 1.4139 0.886965 0.526476 0.194212 -0.197871 -0.352836
4 110.00 0.00 320.00 0.00 180.00 0.00 250.00 0.00 1.97366 -45.7195 1.56093 2.67628 2.05148 1.52195 1.00134 0.583175 0.218176 -0.09825 -0.392061
4 80.00 0.00 350.00 0.00 170.00 0.00 260.00 0.00 1.40396 -13.4605 3.51744 3.27791 2.43259 1.71955 1.12978 0.651575 0.262475 -0.114147 -0.440156
4 50.00 0.00 380.00 0.00 160.00 0.00 270.00 0.00 1.0813 -6.46222 4.13742 3.55291 2.63865 1.87577 1.24485 0.710042 0.26878 -0.125543 -0.47109
4 190.00 0.00 250.00 0.00 210.00 0.00 230.00 0.00 12.0974 5.37926 2.73245 1.84311 1.27711 0.860804 0.550629 0.316995 0.120152 -0.0628387 -0.22502
4 70.00 0.00 370.00 0.00 170.00 0.00 270.00 0.00 1.18474 -18.0247 3.80736 3.54623 2.64443 1.8682 1.23114 0.696773 0.266023 -0.128983 -0.478209
4 10.00 0.00 430.00 0.00 150.00 0.00 290.00 0.00 0.70247 8.98467 6.57316 4.79048 3.4506 2.45425 1.62103 0.956059 0.36656 -0.171482 -0.626906
4 100.00 0.00 340.00 0.00 180.00 0.00 260.00 0.00 1.6648 15.2369 5.72746 3.77074 2.6342 1.82705 1.19493 0.685205 0.250402 -0.1149 -0.43756
4 40.00 0.00 400.00 0.00 160.00 0.00 280.00 0.00 0.885363 -31.0815 1.36801 1.15874 1.85473 1.48242 1.00983 0.687073 0.277379 -0.152216 -0.416348
4 160.00 0.00 280.00 0.00 200.00 0.00 240.00 0.00 4.40096 17.9061 4.68151 2.8535 1.92768 1.33439 0.857709 0.506025 0.176015 -0.0908148 -0.332638
4 130.00 0.00 310.00 0.00 190.00 0.00 250.00 0.00 2.51353 -6.37868 4.42375 3.54967 2.54165 1.78815 1.16853 0.672658 0.242648 -0.11725 -0.442007
4 210.00 0.00 240.00 0.00 220.00 0.00 230.00 0.00 24.2706 8.12837 4.35957 2.84849 1.92762 1.32521 0.901101 0.484884 0.133568 -0.104005 -0.348414
4 180.00 0.00 270.00 0.00 210.00 0.00 240.00 0.00 6.84938 7.66718 2.96306 1.93624 1.34671 0.923237 0.610572 0.351331 0.134063 -0.064426 -0.229017
4 60.00 0.00 390.00 0.00 170.00 0.00 280.00 0.00 1.07138 -51.324 0.454565 2.70207 2.20603 1.68316 1.0552 0.520492 0.24126 -0.119802 -0.405783
4 120.00 0.00 330.00 0.00 190.00 0.00 260.00 0.00 2.09021 -1.0028 5.16263 3.87055 2.75935 1.93203 1.25857 0.724994 0.262676 -0.125482 -0.477516
4 30.00 0.00 420.00 0.00 160.00 0.00 290.00 0.00 0.763847 10.5103 6.0407 4.13082 2.90192 2.06261 1.40228 0.77043 0.335351 -0.121303 -0.547076
4 90.00 0.00 360.00 0.00 180.00 0.00 270.00 0.00 1.42519 -6.30766 4.65847 3.82199 2.76766 1.93388 1.27551 0.730872 0.270083 -0.129074 -0.46677
4 0.00 0.00 450.00 0.00 150.00 0.00 300.00 0.00 0.616191 0.0442214 5.39529 4.78413 3.58216 2.56931 1.71885 1.03219 0.373872 -0.179987 -0.687232
4 150.00 0.00 300.00 0.00 200.00 0.00 250.00 0.00 3.21808 0.256226 4.70502 3.46983 2.45499 1.67693 1.1158 0.618993 0.238715 -0.101127 -0.406367
4 200.00 0.00 260.00 0.00 220.00 0.00 240.00 0.00 12.6274 5.4516 2.7685 1.83458 1.29168 0.886857 0.526067 0.296382 0.116787 -0.0705093 -0.202908
4 50.00 0.00 410.00 0.00 170.00 0.00 290.00 0.00 0.873994 -0.812775 5.09615 4.0212 2.93828 2.07126 1.36627 0.782821 0.292951 -0.13171 -0.514842
4 20.00 0.00 440.00 0.00 160.00 0.00 300.00 0.00 0.670939 23.4597 8.78102 5.44301 3.67163 2.5772 1.74259 1.06926 0.403385 -0.21965 -0.723513
4 80.00 0.00 380.00 0.00 180.00 0.00 280.00 0.00 1.19794 -18.7074 3.64789 3.66456 2.75187 1.95909 1.31034 0.744949 0.294604 -0.135141 -0.501856
4 110.00 0.00 350.00 0.00 190.00 0.00 270.00 0.00 1.73625 34.8712 7.61657 4.39306 3.01615 2.05572 1.335 0.756093 0.278953 -0.137546 -0.507287
4 140.00 0.00 320.00 0.00 200.00 0.00 260.00 0.00 2.56741 12.4846 6.34606 4.16828 2.86447 2.04275 1.40086 0.774932 0.205657 -0.164615 -0.534532
4 170.00 0.00 290.00 0.00 210.00 0.00 250.00 0.00 4.07724 8.65388 4.19869 2.82857 1.90462 1.34231 0.929854 0.42316 0.181907 -0.093941 -0.3598
4 190.00 0.00 280.00 0.00 220.00 0.00 250.00 0.00 6.78195 12.7315 3.15856 1.90942 1.29359 0.886939 0.576528 0.327144 0.1181 -0.0538486 -0.219664
4 40.00 0.00 430.00 0.00 170.00 0.00 300.00 0.00 0.765404 -2.59661 5.03457 4.06504 3.00038 2.09586 1.34642 0.823964 0.285971 -0.149 -0.530347
4 220.00 0.00 250.00 0.00 230.00 0.00 240.00 0.00 22.598 7.91262 4.32925 2.97843 2.11528 1.5008 0.945919 0.456169 0.217636 -0.0996934 -0.341855
4 10.00 0.00 460.00 0.00 160.00 0.00 310.00 0.00 0.602391 7.60388 7.01176 5.47736 4.06021 2.87058 2.0222 1.23372 0.472217 -0.20079 -0.864264
4 70.00 0.00 400.00 0.00 180.00 0.00 290.00 0.00 1.00056 -5.48368 4.83475 3.9377 2.77508 2.12764 1.32297 0.703884 0.237513 -0.21726 -0.526853
4 100.00 0.00 370.00 0.00 190.00 0.00 280.00 0.00 1.51348 -5.44737 5.04588 3.96312 2.86284 1.99967 1.29959 0.743754 0.268172 -0.12526 -0.485816
4 130.00 0.00 340.00 0.00 200.00 0.00 270.00 0.00 2.13475 -0.0893264 5.62291 4.1397 2.93519 2.03509 1.34907 0.777642 0.301861 -0.128368 -0.513184
4 160.00 0.00 310.00 0.00 210.00 0.00 260.00 0.00 3.01412 11.6158 5.65541 3.79515 2.62665 1.82874 1.20716 0.528584 0.307503 -0.123231 -0.503866
4 210.00 0.00 270.00 0.00 230.00 0.00 250.00 0.00 11.7316 5.54188 3.02882 2.062 1.44249 0.980521 0.628919 0.378537 0.12106 -0.0698678 -0.24352
4 60.00 0.00 420.00 0.00 180.00 0.00 300.00 0.00 0.874285 1.2539 5.00161 4.02015 2.95374 2.0682 1.3771 0.779527 0.277743 -0.134922 -0.487727
4 90.00 0.00 390.00 0.00 190.00 0.00 290.00 0.00 1.34584 -31.056 3.56016 4.11435 3.13677 2.24813 1.43391 0.755583 0.292567 -0.236577 -0.481781
4 30.00 0.00 450.00 0.00 170.00 0.00 310.00 0.00 0.640323 18.1636 7.35912 4.83234 3.38891 2.25053 1.45344 0.814113 0.277061 -0.136177 -0.55211
4 120.00 0.00 360.00 0.00 200.00 0.00 280.00 0.00 1.84088 -4.5549 5.4529 4.20972 3.00344 2.08374 1.37021 0.789687 0.296396 -0.139497 -0.519361
4 150.00 0.00 330.00 0.00 210.00 0.00 270.00 0.00 2.62285 -0.335466 5.61464 4.22795 3.02086 2.09138 1.37708 0.787773 0.280336 -0.146973 -0.512415
4 180.00 0.00 300.00 0.00 220.00 0.00 260.00 0.00 4.23567 8.19989 4.10232 2.75961 1.82353 1.37152 0.832234 0.4723 0.200003 -0.110614 -0.424737
4 230.00 0.00 260.00 0.00 240.00 0.00 250.00 0.00 18.448 6.82719 3.81688 2.65132 1.90384 1.36623 0.785976 0.458735 0.143635 -0.0823151 -0.279486
4 200.00 0.00 290.00 0.00 230.00 0.00 260.00 0.00 6.89968 5.89253 2.97117 1.93981 1.31854 0.920655 0.609903 0.347821 0.120087 -0.0583346 -0.261254
4 80.00 0.00 410.00 0.00 190.00 0.00 300.00 0.00 1.03768 -12.6467 4.00144 3.81477 2.85592 2.00761 1.30378 0.758077 0.286468 -0.121912 -0.498331
4 110.00 0.00 380.00 0.00 200.00 0.00 290.00 0.00 1.62105 40.1854 8.10123 4.53249 3.10888 2.11854 1.36846 0.785627 0.279074 -0.169774 -0.508982
4 50.00 0.00 440.00 0.00 180.00 0.00 310.00 0.00 0.756812 7.65201 6.06786 4.40779 3.18451 2.22559 1.46373 0.838999 0.300383 -0.152516 -0.548443
4 20.00 0.00 470.00 0.00 170.00 0.00 320.00 0.00 0.56872 -30.6736 -0.693135 2.07626 2.18618 1.619 1.05831 0.670938 0.273607 -0.150219 -0.521632
4 140.00 0.00 350.00 0.00 210.00 0.00 280.00 0.00 2.23801 4.8508 6.18967 4.41839 3.1252 2.17003 1.42462 0.819834 0.306939 -0.141761 -0.53981
4 170.00 0.00 320.00 0.00 220.00 0.00 270.00 0.00 3.01073 11.3551 5.59056 3.76738 2.65431 1.89213 1.15842 0.601701 0.200039 -0.170752 -0.500189
4 100.00 0.00 400.00 0.00 200.00 0.00 300.00 0.00 1.32719 -3.09418 5.18772 4.35455 3.33341 2.23412 1.53232 0.87034 0.230927 -0.225847 -0.558275
4 70.00 0.00 430.00 0.00 190.00 0.00 310.00 0.00 0.883294 8.62701 6.31995 4.53626 3.19417 2.19475 1.44595 0.809855 0.298026 -0.124498 -0.524038
4 220.00 0.00 280.00 0.00 240.00 0.00 260.00 0.00 10.6797 4.01179 2.61601 1.76433 1.16975 0.840774 0.444112 0.311843 0.16004 -0.00381939 -0.265531
4 40.00 0.00 460.00 0.00 180.00 0.00 320.00 0.00 0.640025 14.2927 6.21469 4.13504 2.87762 2.02745 1.38638 0.789315 0.267174 -0.0944854 -0.485779
4 190.00 0.00 310.00 0.00 230.00 0.00 270.00 0.00 4.19337 8.04841 4.01371 2.71061 1.83313 1.28672 0.773018 0.449419 0.172257 -0.107268 -0.313483
4 130.00 0.00 370.00 0.00 210.00 0.00 290.00 0.00 2.01642 -14.2906 5.21504 4.21381 2.98147 2.09433 1.38012 0.781815 0.287083 -0.142087 -0.517638
4 160.00 0.00 340.00 0.00 220.00 0.00 280.00 0.00 2.58214 10.6774 6.5073 4.47414 3.14375 2.17478 1.42178 0.804855 0.290179 -0.156145 -0.529004
4 210.00 0.00 300.00 0.00 240.00 0.00 270.00 0.00 6.42031 6.29136 3.16862 2.12445 1.50345 0.970609 0.640942 0.376984 0.0831572 -0.0616987 -0.264155
4 90.00 0.00 420.00 0.00 200.00 0.00 310.00 0.00 1.08838 6.24518 5.64974 4.16562 2.9817 2.04522 1.35169 0.785176 0.282747 -0.129966 -0.512319
4 60.00 0.00 450.00 0.00 190.00 0.00 320.00 0.00 0.749462 5.76235 5.63068 4.25527 3.10199 2.15902 1.43659 0.830142 0.312161 -0.134435 -0.545869
4 240.00 0.00 270.00 0.00 250.00 0.00 260.00 0.00 18.977 5.65746 3.25279 2.21845 1.56255 1.06484 0.711092 0.405776 0.126621 -0.0860962 -0.262973
4 180.00 0.00 330.00 0.00 230.00 0.00 280.00 0.00 3.31467 10.3247 5.15597 3.40302 2.43308 1.67471 1.06328 0.5623 0.23444 -0.0712899 -0.412997
4 120.00 0.00 390.00 0.00 210.00 0.00 300.00 0.00 1.72889 28.7384 7.6353 4.74015 3.29628 2.2924 1.4998 0.870657 0.303971 -0.146603 -0.538644
4 150.00 0.00 360.00 0.00 220.00 0.00 290.00 0.00 2.47047 -1.44171 5.79166 4.27772 3.04213 2.11114 1.3808 0.790056 0.286535 -0.148668 -0.512611
4 230.00 0.00 290.00 0.00 250.00 0.00 270.00 0.00 10.2229 6.09066 3.14077 2.05015 1.4524 1.07846 0.707387 0.469218 0.100938 -0.107821 -0.26699
4 110.00 0.00 410.00 0.00 210.00 0.00 310.00 0.00 1.33392 45.245 8.97645 4.78879 3.21853 2.17719 1.38939 0.796839 0.310146 -0.134013 -0.518914
4 80.00 0.00 440.00 0.00 200.00 0.00 320.00 0.00 0.901158 15.643 6.8364 4.534 3.20211 2.23362 1.44971 0.813044 0.316394 -0.14054 -0.550011
4 140.00 0.00 380.00 0.00 220.00 0.00 300.00 0.00 2.13484 4.95618 6.11469 4.3463 3.06758 2.12856 1.39033 0.786988 0.287469 -0.137294 -0.518615
4 50.00 0.00 470.00 0.00 190.00 0.00 330.00 0.00 0.641208 -27.7141 -0.73102 1.75284 1.77967 1.29888 0.907569 0.612966 0.271144 -0.121063 -0.422053
4 170.00 0.00 350.00 0.00 230.00 0.00 290.00 0.00 2.84889 3.38494 5.45483 3.96053 2.80375 1.93594 1.27297 0.729157 0.272069 -0.131221 -0.4766
4 200.00 0.00 320.00 0.00 240.00 0.00 280.00 0.00 4.29074 7.54053 3.71629 2.48811 1.67153 1.16746 0.682426 0.386766 0.0963773 -0.120549 -0.271848
4 250.00 0.00 280.00 0.00 260.00 0.00 270.00 0.00 20.9808 6.63544 3.84784 2.58411 1.82041 1.25581 0.835575 0.466448 0.151144 -0.107105 -0.316691
4 220.00 0.00 310.00 0.00 250.00 0.00 280.00 0.00 6.18929 5.91763 3.00887 1.97946 1.44314 1.04147 0.654432 0.402646 0.0954087 -0.100281 -0.230624
4 130.00 0.00 400.00 0.00 220.00 0.00 310.00 0.00 1.71751 10.7068 6.3088 4.50596 3.44107 2.25717 1.43106 0.809584 0.30108 -0.0351353 -0.584408
4 190.00 0.00 340.00 0.00 240.00 0.00 290.00 0.00 3.48502 11.0475 4.79196 3.15933 2.1879 1.51377 0.992436 0.570201 0.213231 -0.0990008 -0.368689
4 70.00 0.00 460.00 0.00 200.00 0.00 330.00 0.00 0.721999 3.48525 4.78457 3.64915 2.6719 1.91483 1.2598 0.737878 0.269054 -0.121129 -0.475471
4 100.00 0.00 430.00 0.00 210.00 0.00 320.00 0.00 1.12757 6.60544 6.05459 4.37942 3.11581 2.17494 1.44907 0.837517 0.322436 -0.152546 -0.541631
4 160.00 0.00 370.00 0.00 230.00 0.00 300.00 0.00 2.55002 -0.336427 5.70171 4.06847 2.88815 2.00096 1.30975 0.744498 0.269533 -0.13158 -0.482274
4 240.00 0.00 300.00 0.00 260.00 0.00 280.00 0.00 11.3718 5.76816 3.10501 2.02323 1.37445 1.00443 0.741856 0.376439 0.165247 -0.109538 -0.217365
4 120.00 0.00 420.00 0.00 220.00 0.00 320.00 0.00 1.36451 8.9857 6.04332 4.28454 3.02816 2.10329 1.37593 0.802535 0.295109 -0.148271 -0.527534
4 90.00 0.00 450.00 0.00 210.00 0.00 330.00 0.00 0.879373 9.03006 5.79794 4.16369 2.92633 2.04966 1.35351 0.781361 0.277458 -0.141028 -0.498939
4 210.00 0.00 330.00 0.00 250.00 0.00 290.00 0.00 4.99887 7.14803 3.54052 2.38854 1.68802 1.12203 0.758344 0.420323 0.127217 -0.144929 -0.289046
4 150.00 0.00 390.00 0.00 230.00 0.00 310.00 0.00 2.29176 -18.7897 4.41149 3.89354 2.80823 1.97047 1.33138 0.743432 0.2629 -0.136769 -0.499738
4 180.00 0.00 360.00 0.00 240.00 0.00 300.00 0.00 3.0624 5.91771 5.19115 3.63803 2.55359 1.76364 1.15195 0.654124 0.237565 -0.120882 -0.424957
4 230.00 0.00 320.00 0.00 260.00 0.00 290.00 0.00 7.06063 6.15583 2.99036 2.0226 1.41575 0.893513 0.623838 0.319183 0.162002 -0.129425 -0.291246
4 260.00 0.00 290.00 0.00 270.00 0.00 280.00 0.00 26.8015 7.99431 4.51233 3.08207 2.15487 1.48836 0.974621 0.544658 0.203048 -0.095903 -0.364633
4 110.00 0.00 440.00 0.00 220.00 0.00 330.00 0.00 1.10178 -65.5163 -0.162512 3.13176 2.52048 1.89589 1.33054 0.775232 0.274467 -0.152963 -0.490564
4 140.00 0.00 410.00 0.00 230.00 0.00 320.00 0.00 1.74605 7.65058 6.16683 4.3677 3.08839 2.13711 1.4049 0.799482 0.299875 -0.138893 -0.524311
4 170.00 0.00 380.00 0.00 240.00 0.00 310.00 0.00 2.61108 2.49071 5.38382 3.87506 2.73084 1.89259 1.24374 0.708036 0.258031 -0.127537 -0.462972
4 200.00 0.00 350.00 0.00 250.00 0.00 300.00 0.00 3.78925 9.2216 4.51269 3.03509 2.09755 1.46337 0.949048 0.468828 0.19664 -0.0725193 -0.393153
4 80.00 0.00 470.00 0.00 210.00 0.00 340.00 0.00 0.767348 55.7614 9.76477 4.16412 2.44692 1.76715 1.15302 0.667887 0.199138 -0.105776 -0.461253
4 250.00 0.00 310.00 0.00 270.00 0.00 290.00 0.00 12.1266 5.75359 3.00793 1.99966 1.44091 0.995935 0.582516 0.399091 0.159356 -0.080924 -0.27416
4 220.00 0.00 340.00 0.00 260.00 0.00 300.00 0.00 5.06429 6.73604 3.63429 2.46455 1.75298 1.19109 0.791729 0.434416 0.106883 -0.0852587 -0.309523
4 100.00 0.00 460.00 0.00 220.00 0.00 340.00 0.00 0.940012 1.20414 4.67025 3.75338 2.80699 2.06012 1.40877 0.796976 0.282317 -0.145917 -0.508164
4 130.00 0.00 430.00 0.00 230.00 0.00 330.00 0.00 1.39899 18.3161 7.21259 4.73613 3.27381 2.28602 1.51037 0.892369 0.317187 -0.174406 -0.590383
4 160.00 0.00 400.00 0.00 240.00 0.00 320.00 0.00 2.11451 3.78223 5.38463 4.07251 2.98489 2.08248 1.28894 0.72162 0.239471 -0.153049 -0.434771
4 190.00 0.00 370.00 0.00 250.00 0.00 310.00 0.00 3.21942 2.90787 4.49266 3.20473 2.24948 1.56426 1.00921 0.575974 0.220812 -0.102846 -0.390791
4 270.00 0.00 300.00 0.00 280.00 0.00 290.00 0.00 33.5208 8.65979 4.60547 3.08281 2.1599 1.4773 0.940644 0.534547 0.182229 -0.0991698 -0.349752
4 240.00 0.00 330.00 0.00 270.00 0.00 300.00 0.00 7.73589 5.36349 2.60196 1.76253 1.24051 0.839724 0.566965 0.306126 0.0915144 -0.077282 -0.232279
4 210.00 0.00 360.00 0.00 260.00 0.00 310.00 0.00 4.2476 8.98725 4.43487 3.04292 2.14517 1.37742 0.905905 0.535714 0.182963 -0.106134 -0.364358
4 120.00 0.00 450.00 0.00 230.00 0.00 340.00 0.00 1.13564 11.1036 6.11316 4.29042 3.03909 2.12727 1.41095 0.813444 0.304356 -0.139883 -0.523682
4 150.00 0.00 420.00 0.00 240.00 0.00 330.00 0.00 1.68803 13.0448 7.1961 4.9856 3.51124 2.42961 1.58882 0.915719 0.340401 -0.154428 -0.591483
4 180.00 0.00 390.00 0.00 250.00 0.00 320.00 0.00 2.79951 -7.07874 4.40006 3.35438 2.41057 1.6324 1.07073 0.579911 0.230715 -0.0733966 -0.414038
4 260.00 0.00 320.00 0.00 280.00 0.00 300.00 0.00 12.4722 5.48549 2.79685 1.8509 1.31288 0.879938 0.56939 0.316682 0.129527 -0.0619623 -0.221377
4 110.00 0.00 470.00 0.00 230.00 0.00 350.00 0.00 0.954873 31.9537 7.42738 4.34193 3.00673 2.04201 1.219 0.736418 0.288189 -0.114073 -0.49646
4 200.00 0.00 380.00 0.00 260.00 0.00 320.00 0.00 3.40467 9.60381 4.56432 3.03245 2.11844 1.38035 0.940505 0.504337 0.247692 -0.103598 -0.372687
4 140.00 0.00 440.00 0.00 240.00 0.00 340.00 0.00 1.46624 11.7017 6.98952 4.83625 3.40492 2.36979 1.53989 0.878549 0.321983 -0.152571 -0.575398
4 170.00 0.00 410.00 0.00 250.00 0.00 330.00 0.00 1.99387 4.14365 5.69859 4.14664 2.93183 2.03135 1.34087 0.761743 0.279591 -0.137468 -0.498202
4 230.00 0.00 350.00 0.00 270.00 0.00 310.00 0.00 5.38718 7.21347 3.61525 2.43446 1.63798 1.20314 0.768681 0.377876 0.0964404 -0.0660397 -0.251105
4 280.00 0.00 310.00 0.00 290.00 0.00 300.00 0.00 30.7816 7.58903 3.98114 2.66731 1.88939 1.29674 0.824758 0.463019 0.16401 -0.087219 -0.312583
4 250.00 0.00 340.00 0.00 280.00 0.00 310.00 0.00 7.43122 4.67903 2.5648 1.68557 1.15948 0.778825 0.471552 0.254334 0.120754 -0.0659013 -0.207816
4 220.00 0.00 370.00 0.00 270.00 0.00 320.00 0.00 4.42789 8.87165 3.92362 2.6215 1.76548 1.26072 0.803919 0.452861 0.180791 -0.104002 -0.376345
4 130.00 0.00 460.00 0.00 240.00 0.00 350.00 0.00 1.17749 19.548 7.67191 5.00803 3.46907 2.38699 1.57502 0.898667 0.317932 -0.150375 -0.573943
4 190.00 0.00 400.00 0.00 260.00 0.00 330.00 0.00 2.48069 3.23681 4.84513 3.60725 2.57041 1.77639 1.19 0.690704 0.251887 -0.114541 -0.459025
4 160.00 0.00 430.00 0.00 250.00 0.00 340.00 0.00 1.76455 11.5659 7.01628 4.86922 3.44632 2.39506 1.57667 0.893798 0.325199 -0.157429 -0.584809
4 270.00 0.00 330.00 0.00 290.00 0.00 310.00 0.00 14.1676 6.02814 2.79316 1.82053 1.23066 0.828858 0.496322 0.290243 0.110249 -0.0812702 -0.189752
4 150.00 0.00 450.00 0.00 250.00 0.00 350.00 0.00 1.44189 16.6781 7.66615 5.12836 3.6009 2.47903 1.5969 0.892759 0.320851 -0.158451 -0.589211
4 240.00 0.00 360.00 0.00 280.00 0.00 320.00 0.00 6.00562 7.597 3.60557 2.38351 1.65452 1.14152 0.779156 0.421504 0.0902963 -0.105104 -0.231605
4 180.00 0.00 420.00 0.00 260.00 0.00 340.00 0.00 2.09173 20.9905 6.63195 4.16436 2.90372 2.03594 1.32247 0.76432 0.282771 -0.12635 -0.497384
4 210.00 0.00 390.00 0.00 270.00 0.00 330.00 0.00 3.45819 12.0033 4.89217 3.19112 2.26305 1.4588 0.937404 0.553567 0.200752 -0.16866 -0.397707
4 290.00 0.00 320.00 0.00 300.00 0.00 310.00 0.00 37.4727 9.48944 5.20983 3.53445 2.47296 1.69498 1.10704 0.628195 0.216368 -0.117892 -0.412984
4 260.00 0.00 350.00 0.00 290.00 0.00 320.00 0.00 7.99316 5.81209 2.80971 1.82422 1.2905 0.917711 0.680155 0.328673 0.0837893 -0.0359086 -0.193709
4 230.00 0.00 380.00 0.00 280.00 0.00 330.00 0.00 4.25942 8.76495 4.01935 2.65635 1.80612 1.24771 0.840795 0.448757 0.147128 -0.0559593 -0.300661
4 170.00 0.00 440.00 0.00 260.00 0.00 350.00 0.00 1.74144 16.4876 7.46941 4.95925 3.43973 2.3654 1.55997 0.891918 0.320793 -0.16494 -0.584063
4 140.00 0.00 470.00 0.00 250.00 0.00 360.00 0.00 1.21584 -3.66423 5.83639 4.82168 3.53592 2.43356 1.61958 0.933532 0.333689 -0.198033 -0.587443
4 200.00 0.00 410.00 0.00 270.00 0.00 340.00 0.00 2.555 10.4916 5.24255 3.54757 2.4906 1.72802 1.12945 0.645211 0.235364 -0.114686 -0.420715
4 280.00 0.00 340.00 0.00 300.00 0.00 320.00 0.00 13.8632 6.03028 2.84879 1.77865 1.26769 0.916509 0.567737 0.286479 0.00704471 -0.107157 -0.184475
4 190.00 0.00 430.00 0.00 270.00 0.00 350.00 0.00 2.07634 19.8229 6.63137 4.2539 2.95078 2.03098 1.31455 0.761119 0.272685 -0.130276 -0.492046
4 160.00 0.00 460.00 0.00 260.00 0.00 360.00 0.00 1.42891 13.149 7.62598 5.27145 3.71884 2.57061 1.68136 0.949657 0.352305 -0.176593 -0.628195
4 220.00 0.00 400.00 0.00 280.00 0.00 340.00 0.00 3.36137 27.1525 5.73579 3.23312 2.18509 1.57246 1.02418 0.631903 0.21342 -0.092998 -0.402956
4 250.00 0.00 370.00 0.00 290.00 0.00 330.00 0.00 5.43866 7.38989 3.41866 2.23142 1.61452 1.13239 0.712795 0.386146 0.134969 -0.126107 -0.306587
4 300.00 0.00 330.00 0.00 310.00 0.00 320.00 0.00 39.6279 10.109 5.53657 3.73609 2.61076 1.79091 1.1651 0.661536 0.23876 -0.122471 -0.436469
4 270.00 0.00 360.00 0.00 300.00 0.00 330.00 0.00 7.66252 7.36067 3.16743 2.09166 1.39389 0.961803 0.631422 0.344279 0.135411 -0.0906732 -0.268255
4 210.00 0.00 420.00 0.00 280.00 0.00 350.00 0.00 2.5487 24.3624 6.38566 3.77759 2.57094 1.76862 1.15169 0.654039 0.241071 -0.110288 -0.432248
4 180.00 0.00 450.00 0.00 270.00 0.00 360.00 0.00 1.65188 26.0301 8.43476 5.17754 3.52354 2.40019 1.53816 0.880688 0.320927 -0.17042 -0.584827
4 240.00 0.00 390.00 0.00 290.00 0.00 340.00 0.00 4.8181 8.88728 3.97749 2.6498 1.87729 1.19973 0.81066 0.453946 0.197522 -0.0933893 -0.386739
4 290.00 0.00 350.00 0.00 310.00 0.00 330.00 0.00 13.0323 6.05089 3.14329 2.14239 1.604 1.0519 0.711289 0.394204 0.103875 -0.103422 -0.166693
4 170.00 0.00 470.00 0.00 270.00 0.00 370.00 0.00 1.43636 8.2585 8.9207 6.48476 4.55476 3.129 2.06651 1.19518 0.412314 -0.232972 -0.746966
4 200.00 0.00 440.00 0.00 280.00 0.00 360.00 0.00 2.02305 22.3015 7.11635 4.45154 3.0526 2.09299 1.3686 0.788019 0.282831 -0.141856 -0.511082
4 230.00 0.00 410.00 0.00 290.00 0.00 350.00 0.00 3.12465 9.64084 4.57875 3.099 2.32978 1.59877 1.04966 0.551662 0.0753213 -0.222881 -0.317032
4 260.00 0.00 380.00 0.00 300.00 0.00 340.00 0.00 6.00982 7.33721 3.51554 2.2984 1.61036 1.13251 0.751489 0.406908 0.132388 -0.116493 -0.28494
4 280.00 0.00 370.00 0.00 310.00 0.00 340.00 0.00 8.60369 7.39011 2.8029 1.84034 1.4312 0.942414 0.626987 0.354487 0.145977 -0.132334 -0.307673
4 310.00 0.00 340.00 0.00 320.00 0.00 330.00 0.00 25.0558 9.15133 5.1749 3.50126 2.45026 1.6804 1.09064 0.629246 0.234858 -0.107684 -0.425139
4 250.00 0.00 400.00 0.00 300.00 0.00 350.00 0.00 4.13692 3.692 3.64164 2.48815 1.76358 1.24911 0.810823 0.457061 0.179683 -0.0691387 -0.298905
4 190.00 0.00 460.00 0.00 280.00 0.00 370.00 0.00 1.6581 33.6782 10.0941 6.06763 4.05608 2.75115 1.75218 0.9755 0.341666 -0.185249 -0.640063
4 220.00 0.00 430.00 0.00 290.00 0.00 360.00 0.00 2.4388 21.9546 6.20837 3.8359 2.64861 1.82009 1.18232 0.66751 0.248066 -0.125003 -0.443752
4 300.00 0.00 360.00 0.00 320.00 0.00 340.00 0.00 15.2247 7.07636 3.65844 2.43083 1.58963 1.07282 0.675869 0.437469 0.224866 -0.155195 -0.279791
4 240.00 0.00 420.00 0.00 300.00 0.00 360.00 0.00 2.97416 20.7152 5.42855 3.23818 2.18966 1.51791 0.979987 0.56063 0.205174 -0.10551 -0.372866
4 210.00 0.00 450.00 0.00 290.00 0.00 370.00 0.00 1.92773 24.2941 6.75282 4.11091 2.84275 1.94938 1.27831 0.712609 0.26191 -0.119106 -0.476989
4 270.00 0.00 390.00 0.00 310.00 0.00 350.00 0.00 6.42847 -4.12166 2.73894 2.05075 1.45567 1.03377 0.654792 0.35204 0.128196 -0.0609727 -0.250358
4 260.00 0.00 410.00 0.00 310.00 0.00 360.00 0.00 3.78324 8.40414 3.78097 2.5297 1.76157 1.21899 0.800089 0.458441 0.170196 -0.0699055 -0.290224
4 320.00 0.00 350.00 0.00 330.00 0.00 340.00 0.00 41.0474 11.0634 6.07288 4.07243 2.8171 1.93283 1.17927 0.596051 0.270435 -0.0908792 -0.42023
4 290.00 0.00 380.00 0.00 320.00 0.00 350.00 0.00 9.4458 5.67501 2.53718 1.59605 1.18439 0.668116 0.364215 0.18228 0.0503048 -0.0746398 -0.155549
4 200.00 0.00 470.00 0.00 290.00 0.00 380.00 0.00 1.64508 0.243846 6.47425 4.97437 3.56078 2.45472 1.61803 0.913856 0.335115 -0.163842 -0.588256
4 230.00 0.00 440.00 0.00 300.00 0.00 370.00 0.00 2.40659 20.8482 6.40224 4.03862 2.78824 1.93419 1.27726 0.726591 0.26303 -0.13001 -0.465522
4 310.00 0.00 370.00 0.00 330.00 0.00 350.00 0.00 17.263 5.54332 2.64721 1.75163 1.20731 0.81526 0.522752 0.286267 0.0895818 -0.0626828 -0.191298
4 250.00 0.00 430.00 0.00 310.00 0.00 370.00 0.00 3.00828 18.6459 5.7045 3.57804 2.4598 1.69178 1.097 0.627932 0.230871 -0.106115 -0.412468
4 220.00 0.00 460.00 0.00 300.00 0.00 380.00 0.00 1.94559 28.7559 7.58595 4.57278 3.10028 2.11454 1.3838 0.777431 0.298156 -0.139264 -0.522082
4 280.00 0.00 400.00 0.00 320.00 0.00 360.00 0.00 5.49233 11.2454 2.95942 1.81442 1.21869 0.831825 0.492276 0.3098 0.10226 -0.0490522 -0.219226
4 330.00 0.00 360.00 0.00 340.00 0.00 350.00 0.00 27.1645 8.12901 4.2632 2.75755 1.89702 1.36652 0.82415 0.410313 0.141279 -0.161085 -0.240889
4 300.00 0.00 390.00 0.00 330.00 0.00 360.00 0.00 10.6859 5.21761 2.33401 1.56589 1.0664 0.728053 0.493055 0.29224 0.0676356 -0.0647307 -0.190393
4 270.00 0.00 420.00 0.00 320.00 0.00 370.00 0.00 3.9119 11.0497 4.34842 2.85107 1.97672 1.3578 0.892244 0.51514 0.187061 -0.0906417 -0.337973
4 240.00 0.00 450.00 0.00 310.00 0.00 380.00 0.00 2.35775 23.042 6.18786 3.81294 2.6188 1.79177 1.04921 0.626602 0.232113 -0.105458 -0.434842
4 320.00 0.00 380.00 0.00 340.00 0.00 360.00 0.00 14.6896 3.80162 1.87601 1.1593 0.810641 0.539843 0.27891 0.109334 0.0666995 -0.0345721 -0.0593241
4 290.00 0.00 410.00 0.00 330.00 0.00 370.00 0.00 6.18099 6.61657 3.0192 1.95937 1.34976 0.929523 0.563391 0.356199 0.116912 -0.0606986 -0.248786
4 230.00 0.00 470.00 0.00 310.00 0.00 390.00 0.00 1.92546 -12.0949 4.18925 3.79722 2.77721 1.95346 1.28388 0.737879 0.272086 -0.137731 -0.482591
4 260.00 0.00 440.00 0.00 320.00 0.00 380.00 0.00 3.16376 17.3279 5.6933 3.58101 2.45357 1.67845 1.08846 0.619777 0.228134 -0.116207 -0.406194
4 340.00 0.00 370.00 0.00 350.00 0.00 360.00 0.00 24.1949 6.46077 3.44467 2.33917 1.60087 1.10301 0.716664 0.402189 0.140684 -0.0995775 -0.265813
4 310.00 0.00 400.00 0.00 340.00 0.00 370.00 0.00 9.12416 9.74555 2.95061 1.90487 1.33002 0.925651 0.62753 0.363284 0.137923 -0.0533867 -0.23534
4 250.00 0.00 460.00 0.00 320.00 0.00 390.00 0.00 2.40678 19.9409 6.01766 3.80056 2.62368 1.8023 1.19457 0.679013 0.259015 -0.111993 -0.43503
4 280.00 0.00 430.00 0.00 330.00 0.00 380.00 0.00 4.48156 -6.22562 3.7358 2.79758 1.96062 1.33864 0.884684 0.518037 0.18305 -0.0951343 -0.343292
4 330.00 0.00 390.00 0.00 350.00 0.00 370.00 0.00 16.8196 6.93726 3.6453 2.49621 1.7981 1.24464 0.842088 0.472635 0.181565 -0.0592108 -0.289771
4 270.00 0.00 450.00 0.00 330.00 0.00 390.00 0.00 3.19344 4.79877 4.25491 2.9842 2.07673 1.41378 0.937364 0.534047 0.19493 -0.100188 -0.358626
4 300.00 0.00 420.00 0.00 340.00 0.00 380.00 0.00 6.33611 11.3531 3.08655 1.88854 1.2729 0.864533 0.557405 0.312923 0.119889 -0.0551145 -0.207595
4 350.00 0.00 380.00 0.00 360.00 0.00 370.00 0.00 30.5869 9.35669 4.95436 3.23019 2.145 1.48583 1.03033 0.529743 0.181648 -0.143424 -0.358138
4 320.00 0.00 410.00 0.00 350.00 0.00 380.00 0.00 10.2641 5.19314 2.4412 1.60865 1.10454 0.794755 0.506078 0.289476 0.104463 -0.0821629 -0.196164
4 260.00 0.00 470.00 0.00 330.00 0.00 400.00 0.00 2.93898 24.1988 5.58947 3.3841 2.28165 1.60049 1.07644 0.605608 0.229846 -0.103151 -0.4064
4 290.00 0.00 440.00 0.00 340.00 0.00 390.00 0.00 4.62999 7.12974 3.85633 2.51498 1.71121 1.24274 0.719004 0.526259 0.152884 -0.159174 -0.347037
4 340.00 0.00 400.00 0.00 360.00 0.00 380.00 0.00 17.8894 5.85281 2.79056 1.75978 1.13838 0.812059 0.400752 0.168825 0.0777075 -0.160159 -0.101792
4 310.00 0.00 430.00 0.00 350.00 0.00 390.00 0.00 6.99326 5.7934 3.04615 2.01441 1.38838 0.92247 0.621485 0.339085 0.123869 -0.0595461 -0.284675
4 280.00 0.00 460.00 0.00 340.00 0.00 400.00 0.00 3.83214 0.829566 4.2116 3.05928 2.11528 1.46033 0.934882 0.541954 0.197501 -0.0990414 -0.361569
4 360.00 0.00 390.00 0.00 370.00 0.00 380.00 0.00 36.5908 7.15973 3.73612 2.45558 1.67696 1.13841 0.723621 0.391905 0.129645 -0.0967174 -0.291675
4 330.00 0.00 420.00 0.00 360.00 0.00 390.00 0.00 10.6376 4.84161 2.56779 1.67624 1.14411 0.778991 0.53838 0.224198 0.114884 -0.101455 -0.230892
4 300.00 0.00 450.00 0.00 350.00 0.00 400.00 0.00 5.66725 3.38257 2.39647 1.60336 1.07961 0.754778 0.431889 0.198359 0.101596 -0.0984553 -0.216808
4 350.00 0.00 410.00 0.00 370.00 0.00 390.00 0.00 17.3865 4.70275 2.27014 1.47394 1.02814 0.680307 0.441614 0.24477 0.10285 -0.053554 -0.189616
4 290.00 0.00 470.00 0.00 350.00 0.00 410.00 0.00 4.22564 24.6618 5.74349 3.30695 2.20406 1.50438 0.967658 0.545459 0.213867 -0.105039 -0.376185
4 320.00 0.00 440.00 0.00 360.00 0.00 400.00 0.00 9.47676 5.26114 3.0466 2.05708 1.45921 0.986647 0.693331 0.341314 0.0928379 -0.0521943 -0.222592
4 340.00 0.00 430.00 0.00 370.00 0.00 400.00 0.00 14.8172 4.92006 2.48267 1.69038 1.1778 0.820163 0.525242 0.291364 0.0887514 -0.0592382 -0.194666
4 370.00 0.00 400.00 0.00 380.00 0.00 390.00 0.00 26.998 4.96732 2.68518 1.76199 1.24595 0.843552 0.514039 0.230663 0.109623 -0.0321851 -0.242341
4 310.00 0.00 460.00 0.00 360.00 0.00 410.00 0.00 6.30383 7.26465 3.51647 2.26993 1.57471 1.1162 0.659699 0.405969 0.105925 -0.0658265 -0.327255
4 360.00 0.00 420.00 0.00 380.00 0.00 400.00 0.00 22.9474 3.0649 1.72549 1.16493 0.813637 0.545272 0.332436 0.182622 0.0567962 -0.0433632 -0.143138
4 330.00 0.00 450.00 0.00 370.00 0.00 410.00 0.00 9.23661 5.42751 2.52114 1.64936 1.1218 0.711912 0.494299 0.299286 0.105607 -0.0650269 -0.223604
4 380.00 0.00 410.00 0.00 390.00 0.00 400.00 0.00 53.6934 5.91547 3.19079 2.13116 1.48639 1.01687 0.660048 0.375477 0.131336 -0.0709196 -0.244024
4 320.00 0.00 470.00 0.00 370.00 0.00 420.00 0.00 6.55388 17.3063 3.88085 2.15364 1.41939 0.969747 0.618775 0.342087 0.119474 -0.0597491 -0.237414
4 350.00 0.00 440.00 0.00 380.00 0.00 410.00 0.00 15.9125 5.10973 2.5164 1.65141 1.14985 0.788858 0.513942 0.269548 0.12766 -0.0502881 -0.213993
4 370.00 0.00 430.00 0.00 390.00 0.00 410.00 0.00 27.8466 6.07207 3.04608 2.02223 1.39209 0.953447 0.609939 0.351498 0.121107 -0.0738105 -0.245665
4 340.00 0.00 460.00 0.00 380.00 0.00 420.00 0.00 9.85062 4.75812 1.9796 1.32245 0.855375 0.659915 0.409034 0.188309 0.000260287 -0.0959189 -0.174171
4 390.00 0.00 420.00 0.00 400.00 0.00 410.00 0.00 44.0221 5.3747 2.45222 1.56098 1.02183 0.668697 0.411103 0.241473 0.0684139 -0.0616842 -0.168018
4 360.00 0.00 450.00 0.00 390.00 0.00 420.00 0.00 15.9508 2.88748 1.18845 0.769341 0.535191 0.325015 0.216485 0.101054 0.0204424 -0.0312064 -0.0632959
4 380.00 0.00 440.00 0.00 400.00 0.00 420.00 0.00 24.2881 3.3209 1.29947 0.821801 0.540979 0.375603 0.234982 0.149028 0.0465477 -0.0326925 -0.106429
4 350.00 0.00 470.00 0.00 390.00 0.00 430.00 0.00 11.6333 4.35342 1.72437 1.0962 0.67263 0.397058 0.225036 0.0985721 0.134875 -0.0141964 -0.195838
4 400.00 0.00 430.00 0.00 410.00 0.00 420.00 0.00 50.816 1.87104 0.979806 0.652254 0.44958 0.306349 0.185674 0.109301 0.0210151 -0.0348415 -0.0392725
4 370.00 0.00 460.00 0.00 400.00 0.00 430.00 0.00 15.7447 2.83657 0.477188 0.171347 0.0620323 0.0323037 -0.0268542 -0.0462542 -0.0377813 -0.0320674 -0.020411
4 390.00 0.00 450.00 0.00 410.00 0.00 430.00 0.00 26.9189 -0.185025 -0.517361 -0.419587 -0.310271 -0.198833 -0.13053 -0.0769998 -0.03733 0.018739 0.0187928
4 410.00 0.00 440.00 0.00 420.00 0.00 430.00 0.00 73.5266 4.82688 2.33659 1.52769 1.03863 0.71975 0.451874 0.248091 0.0781859 -0.0544324 -0.157967
4 380.00 0.00 470.00 0.00 410.00 0.00 440.00 0.00 18.8448 1.75345 0.805119 0.559593 0.3665 0.237982 0.111183 0.021776 -0.0160575 -0.0292859 -0.0505727
4 400.00 0.00 460.00 0.00 420.00 0.00 440.00 0.00 34.8666 2.42767 0.530891 0.28109 0.136857 0.0305136 0.0501119 0.047492 -0.016941 -0.0384792 -0.0703745
4 420.00 0.00 450.00 0.00 430.00 0.00 440.00 0.00 82.781 5.00687 2.54787 1.70518 1.15464 0.782015 0.496143 0.29623 0.10485 -0.0606513 -0.193659
4 410.00 0.00 470.00 0.00 430.00 0.00 450.00 0.00 40.6163 5.83087 3.02668 1.99573 1.35293 0.920767 0.62551 0.338954 0.118608 -0.067101 -0.240499
4 430.00 0.00 460.00 0.00 440.00 0.00 450.00 0.00 92.1023 8.4333 4.28619 2.84192 1.9505 1.32457 0.870355 0.484792 0.181471 -0.102751 -0.325661
4 440.00 0.00 470.00 0.00 450.00 0.00 460.00 0.00 99.993 0.00642279 0.00349827 0.00233872 0.00165336 0.00112379 0.000726077 0.000418213 0.000134597 -9.01011e-05 -0.000285946
0
0
0
0
0
0
0
0
